VARIABLES = "x" "Density" "u" "v" "w" "Pressure", SOLUTIONTIME=0.012
 5.000000E-04 1.000000E+00 0.000000E+00 0.000000E+00 0.000000E+00 1.000000E+03
 1.500000E-03 1.000000E+00 0.000000E+00 0.000000E+00 0.000000E+00 1.000000E+03
 2.500000E-03 1.000000E+00 0.000000E+00 0.000000E+00 0.000000E+00 1.000000E+03
 3.500000E-03 1.000000E+00 0.000000E+00 0.000000E+00 0.000000E+00 1.000000E+03
 4.500000E-03 1.000000E+00 0.000000E+00 0.000000E+00 0.000000E+00 1.000000E+03
 5.500000E-03 1.000000E+00 0.000000E+00 0.000000E+00 0.000000E+00 1.000000E+03
 6.500000E-03 1.000000E+00 0.000000E+00 0.000000E+00 0.000000E+00 1.000000E+03
 7.500000E-03 1.000000E+00 0.000000E+00 0.000000E+00 0.000000E+00 1.000000E+03
 8.500000E-03 1.000000E+00 0.000000E+00 0.000000E+00 0.000000E+00 1.000000E+03
 9.500000E-03 1.000000E+00 0.000000E+00 0.000000E+00 0.000000E+00 1.000000E+03
 1.050000E-02 1.000000E+00 0.000000E+00 0.000000E+00 0.000000E+00 1.000000E+03
 1.150000E-02 1.000000E+00 0.000000E+00 0.000000E+00 0.000000E+00 1.000000E+03
 1.250000E-02 1.000000E+00 0.000000E+00 0.000000E+00 0.000000E+00 1.000000E+03
 1.350000E-02 1.000000E+00 0.000000E+00 0.000000E+00 0.000000E+00 1.000000E+03
 1.450000E-02 1.000000E+00 0.000000E+00 0.000000E+00 0.000000E+00 1.000000E+03
 1.550000E-02 1.000000E+00 0.000000E+00 0.000000E+00 0.000000E+00 1.000000E+03
 1.650000E-02 1.000000E+00 0.000000E+00 0.000000E+00 0.000000E+00 1.000000E+03
 1.750000E-02 1.000000E+00 0.000000E+00 0.000000E+00 0.000000E+00 1.000000E+03
 1.850000E-02 1.000000E+00 0.000000E+00 0.000000E+00 0.000000E+00 1.000000E+03
 1.950000E-02 1.000000E+00 0.000000E+00 0.000000E+00 0.000000E+00 1.000000E+03
 2.050000E-02 1.000000E+00 0.000000E+00 0.000000E+00 0.000000E+00 1.000000E+03
 2.150000E-02 1.000000E+00 0.000000E+00 0.000000E+00 0.000000E+00 1.000000E+03
 2.250000E-02 1.000000E+00 0.000000E+00 0.000000E+00 0.000000E+00 1.000000E+03
 2.350000E-02 1.000000E+00 0.000000E+00 0.000000E+00 0.000000E+00 1.000000E+03
 2.450000E-02 1.000000E+00 0.000000E+00 0.000000E+00 0.000000E+00 1.000000E+03
 2.550000E-02 1.000000E+00 0.000000E+00 0.000000E+00 0.000000E+00 1.000000E+03
 2.650000E-02 1.000000E+00 0.000000E+00 0.000000E+00 0.000000E+00 1.000000E+03
 2.750000E-02 1.000000E+00 0.000000E+00 0.000000E+00 0.000000E+00 1.000000E+03
 2.850000E-02 1.000000E+00 0.000000E+00 0.000000E+00 0.000000E+00 1.000000E+03
 2.950000E-02 1.000000E+00 0.000000E+00 0.000000E+00 0.000000E+00 1.000000E+03
 3.050000E-02 1.000000E+00 0.000000E+00 0.000000E+00 0.000000E+00 1.000000E+03
 3.150000E-02 1.000000E+00 0.000000E+00 0.000000E+00 0.000000E+00 1.000000E+03
 3.250000E-02 1.000000E+00 0.000000E+00 0.000000E+00 0.000000E+00 1.000000E+03
 3.350000E-02 1.000000E+00 0.000000E+00 0.000000E+00 0.000000E+00 1.000000E+03
 3.450000E-02 1.000000E+00 0.000000E+00 0.000000E+00 0.000000E+00 1.000000E+03
 3.550000E-02 1.000000E+00 0.000000E+00 0.000000E+00 0.000000E+00 1.000000E+03
 3.650000E-02 1.000000E+00 0.000000E+00 0.000000E+00 0.000000E+00 1.000000E+03
 3.750000E-02 1.000000E+00 0.000000E+00 0.000000E+00 0.000000E+00 1.000000E+03
 3.850000E-02 1.000000E+00 0.000000E+00 0.000000E+00 0.000000E+00 1.000000E+03
 3.950000E-02 1.000000E+00 0.000000E+00 0.000000E+00 0.000000E+00 1.000000E+03
 4.050000E-02 1.000000E+00 0.000000E+00 0.000000E+00 0.000000E+00 1.000000E+03
 4.150000E-02 1.000000E+00 0.000000E+00 0.000000E+00 0.000000E+00 1.000000E+03
 4.250000E-02 1.000000E+00 0.000000E+00 0.000000E+00 0.000000E+00 1.000000E+03
 4.350000E-02 1.000000E+00 0.000000E+00 0.000000E+00 0.000000E+00 1.000000E+03
 4.450000E-02 1.000000E+00 0.000000E+00 0.000000E+00 0.000000E+00 1.000000E+03
 4.550000E-02 1.000000E+00 0.000000E+00 0.000000E+00 0.000000E+00 1.000000E+03
 4.650000E-02 1.000000E+00 0.000000E+00 0.000000E+00 0.000000E+00 1.000000E+03
 4.750000E-02 1.000000E+00 0.000000E+00 0.000000E+00 0.000000E+00 1.000000E+03
 4.850000E-02 1.000000E+00 0.000000E+00 0.000000E+00 0.000000E+00 1.000000E+03
 4.950000E-02 1.000000E+00 0.000000E+00 0.000000E+00 0.000000E+00 1.000000E+03
 5.050000E-02 1.000000E+00 0.000000E+00 0.000000E+00 0.000000E+00 1.000000E+03
 5.150000E-02 9.990744E-01 3.464489E-02 0.000000E+00 0.000000E+00 9.987044E+02
 5.250000E-02 9.972212E-01 1.040893E-01 0.000000E+00 0.000000E+00 9.961118E+02
 5.350000E-02 9.953707E-01 1.735338E-01 0.000000E+00 0.000000E+00 9.935250E+02
 5.450000E-02 9.935230E-01 2.429782E-01 0.000000E+00 0.000000E+00 9.909439E+02
 5.550000E-02 9.916780E-01 3.124227E-01 0.000000E+00 0.000000E+00 9.883686E+02
 5.650000E-02 9.898357E-01 3.818671E-01 0.000000E+00 0.000000E+00 9.857990E+02
 5.750000E-02 9.879962E-01 4.513116E-01 0.000000E+00 0.000000E+00 9.832352E+02
 5.850000E-02 9.861595E-01 5.207560E-01 0.000000E+00 0.000000E+00 9.806771E+02
 5.950000E-02 9.843255E-01 5.902004E-01 0.000000E+00 0.000000E+00 9.781246E+02
 6.050000E-02 9.824941E-01 6.596449E-01 0.000000E+00 0.000000E+00 9.755779E+02
 6.150000E-02 9.806656E-01 7.290893E-01 0.000000E+00 0.000000E+00 9.730369E+02
 6.250000E-02 9.788397E-01 7.985338E-01 0.000000E+00 0.000000E+00 9.705015E+02
 6.350000E-02 9.770166E-01 8.679782E-01 0.000000E+00 0.000000E+00 9.679718E+02
 6.450000E-02 9.751961E-01 9.374227E-01 0.000000E+00 0.000000E+00 9.654478E+02
 6.550000E-02 9.733784E-01 1.006867E+00 0.000000E+00 0.000000E+00 9.629293E+02
 6.650000E-02 9.715635E-01 1.076312E+00 0.000000E+00 0.000000E+00 9.604166E+02
 6.750000E-02 9.697512E-01 1.145756E+00 0.000000E+00 0.000000E+00 9.579094E+02
 6.850000E-02 9.679416E-01 1.215200E+00 0.000000E+00 0.000000E+00 9.554078E+02
 6.950000E-02 9.661347E-01 1.284645E+00 0.000000E+00 0.000000E+00 9.529119E+02
 7.050000E-02 9.643306E-01 1.354089E+00 0.000000E+00 0.000000E+00 9.504216E+02
 7.150000E-02 9.625291E-01 1.423534E+00 0.000000E+00 0.000000E+00 9.479368E+02
 7.250000E-02 9.607303E-01 1.492978E+00 0.000000E+00 0.000000E+00 9.454576E+02
 7.350000E-02 9.589342E-01 1.562423E+00 0.000000E+00 0.000000E+00 9.429839E+02
 7.450000E-02 9.571407E-01 1.631867E+00 0.000000E+00 0.000000E+00 9.405159E+02
 7.550000E-02 9.553500E-01 1.701312E+00 0.000000E+00 0.000000E+00 9.380533E+02
 7.650000E-02 9.535620E-01 1.770756E+00 0.000000E+00 0.000000E+00 9.355963E+02
 7.750000E-02 9.517766E-01 1.840200E+00 0.000000E+00 0.000000E+00 9.331448E+02
 7.850000E-02 9.499940E-01 1.909645E+00 0.000000E+00 0.000000E+00 9.306989E+02
 7.950000E-02 9.482139E-01 1.979089E+00 0.000000E+00 0.000000E+00 9.282584E+02
 8.050000E-02 9.464366E-01 2.048534E+00 0.000000E+00 0.000000E+00 9.258233E+02
 8.150000E-02 9.446619E-01 2.117978E+00 0.000000E+00 0.000000E+00 9.233938E+02
 8.250000E-02 9.428899E-01 2.187423E+00 0.000000E+00 0.000000E+00 9.209697E+02
 8.350000E-02 9.411205E-01 2.256867E+00 0.000000E+00 0.000000E+00 9.185511E+02
 8.450000E-02 9.393538E-01 2.326312E+00 0.000000E+00 0.000000E+00 9.161379E+02
 8.550000E-02 9.375898E-01 2.395756E+00 0.000000E+00 0.000000E+00 9.137302E+02
 8.650000E-02 9.358284E-01 2.465200E+00 0.000000E+00 0.000000E+00 9.113279E+02
 8.750000E-02 9.340696E-01 2.534645E+00 0.000000E+00 0.000000E+00 9.089310E+02
 8.850000E-02 9.323135E-01 2.604089E+00 0.000000E+00 0.000000E+00 9.065396E+02
 8.950000E-02 9.305601E-01 2.673534E+00 0.000000E+00 0.000000E+00 9.041535E+02
 9.050000E-02 9.288092E-01 2.742978E+00 0.000000E+00 0.000000E+00 9.017728E+02
 9.150000E-02 9.270610E-01 2.812423E+00 0.000000E+00 0.000000E+00 8.993975E+02
 9.250000E-02 9.253155E-01 2.881867E+00 0.000000E+00 0.000000E+00 8.970275E+02
 9.350000E-02 9.235726E-01 2.951312E+00 0.000000E+00 0.000000E+00 8.946629E+02
 9.450000E-02 9.218323E-01 3.020756E+00 0.000000E+00 0.000000E+00 8.923036E+02
 9.550000E-02 9.200946E-01 3.090200E+00 0.000000E+00 0.000000E+00 8.899497E+02
 9.650000E-02 9.183596E-01 3.159645E+00 0.000000E+00 0.000000E+00 8.876011E+02
 9.750000E-02 9.166271E-01 3.229089E+00 0.000000E+00 0.000000E+00 8.852579E+02
 9.850000E-02 9.148973E-01 3.298534E+00 0.000000E+00 0.000000E+00 8.829199E+02
 9.950000E-02 9.131701E-01 3.367978E+00 0.000000E+00 0.000000E+00 8.805872E+02
 1.005000E-01 9.114455E-01 3.437423E+00 0.000000E+00 0.000000E+00 8.782598E+02
 1.015000E-01 9.097235E-01 3.506867E+00 0.000000E+00 0.000000E+00 8.759377E+02
 1.025000E-01 9.080042E-01 3.576312E+00 0.000000E+00 0.000000E+00 8.736208E+02
 1.035000E-01 9.062874E-01 3.645756E+00 0.000000E+00 0.000000E+00 8.713092E+02
 1.045000E-01 9.045732E-01 3.715200E+00 0.000000E+00 0.000000E+00 8.690028E+02
 1.055000E-01 9.028616E-01 3.784645E+00 0.000000E+00 0.000000E+00 8.667017E+02
 1.065000E-01 9.011526E-01 3.854089E+00 0.000000E+00 0.000000E+00 8.644058E+02
 1.075000E-01 8.994462E-01 3.923534E+00 0.000000E+00 0.000000E+00 8.621151E+02
 1.085000E-01 8.977424E-01 3.992978E+00 0.000000E+00 0.000000E+00 8.598297E+02
 1.095000E-01 8.960412E-01 4.062423E+00 0.000000E+00 0.000000E+00 8.575494E+02
 1.105000E-01 8.943425E-01 4.131867E+00 0.000000E+00 0.000000E+00 8.552742E+02
 1.115000E-01 8.926464E-01 4.201312E+00 0.000000E+00 0.000000E+00 8.530043E+02
 1.125000E-01 8.909529E-01 4.270756E+00 0.000000E+00 0.000000E+00 8.507396E+02
 1.135000E-01 8.892620E-01 4.340200E+00 0.000000E+00 0.000000E+00 8.484800E+02
 1.145000E-01 8.875736E-01 4.409645E+00 0.000000E+00 0.000000E+00 8.462255E+02
 1.155000E-01 8.858877E-01 4.479089E+00 0.000000E+00 0.000000E+00 8.439762E+02
 1.165000E-01 8.842045E-01 4.548534E+00 0.000000E+00 0.000000E+00 8.417320E+02
 1.175000E-01 8.825238E-01 4.617978E+00 0.000000E+00 0.000000E+00 8.394929E+02
 1.185000E-01 8.808457E-01 4.687423E+00 0.000000E+00 0.000000E+00 8.372589E+02
 1.195000E-01 8.791702E-01 4.756867E+00 0.000000E+00 0.000000E+00 8.350301E+02
 1.205000E-01 8.774971E-01 4.826312E+00 0.000000E+00 0.000000E+00 8.328063E+02
 1.215000E-01 8.758267E-01 4.895756E+00 0.000000E+00 0.000000E+00 8.305876E+02
 1.225000E-01 8.741587E-01 4.965200E+00 0.000000E+00 0.000000E+00 8.283740E+02
 1.235000E-01 8.724933E-01 5.034645E+00 0.000000E+00 0.000000E+00 8.261653E+02
 1.245000E-01 8.708305E-01 5.104089E+00 0.000000E+00 0.000000E+00 8.239618E+02
 1.255000E-01 8.691702E-01 5.173534E+00 0.000000E+00 0.000000E+00 8.217633E+02
 1.265000E-01 8.675124E-01 5.242978E+00 0.000000E+00 0.000000E+00 8.195699E+02
 1.275000E-01 8.658572E-01 5.312423E+00 0.000000E+00 0.000000E+00 8.173814E+02
 1.285000E-01 8.642045E-01 5.381867E+00 0.000000E+00 0.000000E+00 8.151980E+02
 1.295000E-01 8.625543E-01 5.451312E+00 0.000000E+00 0.000000E+00 8.130196E+02
 1.305000E-01 8.609066E-01 5.520756E+00 0.000000E+00 0.000000E+00 8.108461E+02
 1.315000E-01 8.592615E-01 5.590200E+00 0.000000E+00 0.000000E+00 8.086777E+02
 1.325000E-01 8.576188E-01 5.659645E+00 0.000000E+00 0.000000E+00 8.065142E+02
 1.335000E-01 8.559787E-01 5.729089E+00 0.000000E+00 0.000000E+00 8.043557E+02
 1.345000E-01 8.543411E-01 5.798534E+00 0.000000E+00 0.000000E+00 8.022021E+02
 1.355000E-01 8.527060E-01 5.867978E+00 0.000000E+00 0.000000E+00 8.000535E+02
 1.365000E-01 8.510734E-01 5.937423E+00 0.000000E+00 0.000000E+00 7.979098E+02
 1.375000E-01 8.494433E-01 6.006867E+00 0.000000E+00 0.000000E+00 7.957711E+02
 1.385000E-01 8.478157E-01 6.076312E+00 0.000000E+00 0.000000E+00 7.936372E+02
 1.395000E-01 8.461906E-01 6.145756E+00 0.000000E+00 0.000000E+00 7.915082E+02
 1.405000E-01 8.445680E-01 6.215200E+00 0.000000E+00 0.000000E+00 7.893842E+02
 1.415000E-01 8.429478E-01 6.284645E+00 0.000000E+00 0.000000E+00 7.872651E+02
 1.425000E-01 8.413302E-01 6.354089E+00 0.000000E+00 0.000000E+00 7.851508E+02
 1.435000E-01 8.397151E-01 6.423534E+00 0.000000E+00 0.000000E+00 7.830414E+02
 1.445000E-01 8.381024E-01 6.492978E+00 0.000000E+00 0.000000E+00 7.809368E+02
 1.455000E-01 8.364922E-01 6.562423E+00 0.000000E+00 0.000000E+00 7.788371E+02
 1.465000E-01 8.348845E-01 6.631867E+00 0.000000E+00 0.000000E+00 7.767422E+02
 1.475000E-01 8.332793E-01 6.701312E+00 0.000000E+00 0.000000E+00 7.746522E+02
 1.485000E-01 8.316765E-01 6.770756E+00 0.000000E+00 0.000000E+00 7.725670E+02
 1.495000E-01 8.300762E-01 6.840200E+00 0.000000E+00 0.000000E+00 7.704866E+02
 1.505000E-01 8.284783E-01 6.909645E+00 0.000000E+00 0.000000E+00 7.684111E+02
 1.515000E-01 8.268830E-01 6.979089E+00 0.000000E+00 0.000000E+00 7.663403E+02
 1.525000E-01 8.252900E-01 7.048534E+00 0.000000E+00 0.000000E+00 7.642742E+02
 1.535000E-01 8.236995E-01 7.117978E+00 0.000000E+00 0.000000E+00 7.622130E+02
 1.545000E-01 8.221115E-01 7.187423E+00 0.000000E+00 0.000000E+00 7.601566E+02
 1.555000E-01 8.205260E-01 7.256867E+00 0.000000E+00 0.000000E+00 7.581049E+02
 1.565000E-01 8.189428E-01 7.326312E+00 0.000000E+00 0.000000E+00 7.560579E+02
 1.575000E-01 8.173622E-01 7.395756E+00 0.000000E+00 0.000000E+00 7.540157E+02
 1.585000E-01 8.157840E-01 7.465200E+00 0.000000E+00 0.000000E+00 7.519781E+02
 1.595000E-01 8.142082E-01 7.534645E+00 0.000000E+00 0.000000E+00 7.499454E+02
 1.605000E-01 8.126348E-01 7.604089E+00 0.000000E+00 0.000000E+00 7.479174E+02
 1.615000E-01 8.110639E-01 7.673534E+00 0.000000E+00 0.000000E+00 7.458940E+02
 1.625000E-01 8.094954E-01 7.742978E+00 0.000000E+00 0.000000E+00 7.438753E+02
 1.635000E-01 8.079293E-01 7.812423E+00 0.000000E+00 0.000000E+00 7.418613E+02
 1.645000E-01 8.063657E-01 7.881867E+00 0.000000E+00 0.000000E+00 7.398521E+02
 1.655000E-01 8.048045E-01 7.951312E+00 0.000000E+00 0.000000E+00 7.378474E+02
 1.665000E-01 8.032457E-01 8.020756E+00 0.000000E+00 0.000000E+00 7.358475E+02
 1.675000E-01 8.016893E-01 8.090200E+00 0.000000E+00 0.000000E+00 7.338521E+02
 1.685000E-01 8.001354E-01 8.159645E+00 0.000000E+00 0.000000E+00 7.318615E+02
 1.695000E-01 7.985838E-01 8.229090E+00 0.000000E+00 0.000000E+00 7.298754E+02
 1.705000E-01 7.970347E-01 8.298533E+00 0.000000E+00 0.000000E+00 7.278939E+02
 1.715000E-01 7.954879E-01 8.367978E+00 0.000000E+00 0.000000E+00 7.259171E+02
 1.725000E-01 7.939436E-01 8.437423E+00 0.000000E+00 0.000000E+00 7.239449E+02
 1.735000E-01 7.924017E-01 8.506867E+00 0.000000E+00 0.000000E+00 7.219772E+02
 1.745000E-01 7.908621E-01 8.576311E+00 0.000000E+00 0.000000E+00 7.200142E+02
 1.755000E-01 7.893249E-01 8.645756E+00 0.000000E+00 0.000000E+00 7.180557E+02
 1.765000E-01 7.877902E-01 8.715200E+00 0.000000E+00 0.000000E+00 7.161019E+02
 1.775000E-01 7.862578E-01 8.784645E+00 0.000000E+00 0.000000E+00 7.141525E+02
 1.785000E-01 7.847278E-01 8.854090E+00 0.000000E+00 0.000000E+00 7.122078E+02
 1.795000E-01 7.832003E-01 8.923533E+00 0.000000E+00 0.000000E+00 7.102675E+02
 1.805000E-01 7.816750E-01 8.992978E+00 0.000000E+00 0.000000E+00 7.083318E+02
 1.815000E-01 7.801521E-01 9.062423E+00 0.000000E+00 0.000000E+00 7.064006E+02
 1.825000E-01 7.786317E-01 9.131867E+00 0.000000E+00 0.000000E+00 7.044739E+02
 1.835000E-01 7.771136E-01 9.201311E+00 0.000000E+00 0.000000E+00 7.025518E+02
 1.845000E-01 7.755979E-01 9.270756E+00 0.000000E+00 0.000000E+00 7.006341E+02
 1.855000E-01 7.740845E-01 9.340200E+00 0.000000E+00 0.000000E+00 6.987209E+02
 1.865000E-01 7.725735E-01 9.409645E+00 0.000000E+00 0.000000E+00 6.968122E+02
 1.875000E-01 7.710649E-01 9.479090E+00 0.000000E+00 0.000000E+00 6.949080E+02
 1.885000E-01 7.695586E-01 9.548533E+00 0.000000E+00 0.000000E+00 6.930082E+02
 1.895000E-01 7.680547E-01 9.617978E+00 0.000000E+00 0.000000E+00 6.911129E+02
 1.905000E-01 7.665531E-01 9.687423E+00 0.000000E+00 0.000000E+00 6.892220E+02
 1.915000E-01 7.650539E-01 9.756867E+00 0.000000E+00 0.000000E+00 6.873356E+02
 1.925000E-01 7.635570E-01 9.826311E+00 0.000000E+00 0.000000E+00 6.854536E+02
 1.935000E-01 7.620624E-01 9.895756E+00 0.000000E+00 0.000000E+00 6.835759E+02
 1.945000E-01 7.605702E-01 9.965200E+00 0.000000E+00 0.000000E+00 6.817028E+02
 1.955000E-01 7.590804E-01 1.003465E+01 0.000000E+00 0.000000E+00 6.798340E+02
 1.965000E-01 7.575929E-01 1.010409E+01 0.000000E+00 0.000000E+00 6.779696E+02
 1.975000E-01 7.561077E-01 1.017353E+01 0.000000E+00 0.000000E+00 6.761096E+02
 1.985000E-01 7.546248E-01 1.024298E+01 0.000000E+00 0.000000E+00 6.742540E+02
 1.995000E-01 7.531443E-01 1.031242E+01 0.000000E+00 0.000000E+00 6.724027E+02
 2.005000E-01 7.516661E-01 1.038187E+01 0.000000E+00 0.000000E+00 6.705558E+02
 2.015000E-01 7.501902E-01 1.045131E+01 0.000000E+00 0.000000E+00 6.687133E+02
 2.025000E-01 7.487167E-01 1.052076E+01 0.000000E+00 0.000000E+00 6.668751E+02
 2.035000E-01 7.472454E-01 1.059020E+01 0.000000E+00 0.000000E+00 6.650412E+02
 2.045000E-01 7.457765E-01 1.065965E+01 0.000000E+00 0.000000E+00 6.632116E+02
 2.055000E-01 7.443098E-01 1.072909E+01 0.000000E+00 0.000000E+00 6.613864E+02
 2.065000E-01 7.428455E-01 1.079853E+01 0.000000E+00 0.000000E+00 6.595655E+02
 2.075000E-01 7.413835E-01 1.086798E+01 0.000000E+00 0.000000E+00 6.577488E+02
 2.085000E-01 7.399238E-01 1.093742E+01 0.000000E+00 0.000000E+00 6.559365E+02
 2.095000E-01 7.384664E-01 1.100687E+01 0.000000E+00 0.000000E+00 6.541284E+02
 2.105000E-01 7.370113E-01 1.107631E+01 0.000000E+00 0.000000E+00 6.523246E+02
 2.115000E-01 7.355585E-01 1.114576E+01 0.000000E+00 0.000000E+00 6.505251E+02
 2.125000E-01 7.341080E-01 1.121520E+01 0.000000E+00 0.000000E+00 6.487299E+02
 2.135000E-01 7.326597E-01 1.128465E+01 0.000000E+00 0.000000E+00 6.469388E+02
 2.145000E-01 7.312137E-01 1.135409E+01 0.000000E+00 0.000000E+00 6.451521E+02
 2.155000E-01 7.297701E-01 1.142353E+01 0.000000E+00 0.000000E+00 6.433696E+02
 2.165000E-01 7.283287E-01 1.149298E+01 0.000000E+00 0.000000E+00 6.415912E+02
 2.175000E-01 7.268896E-01 1.156242E+01 0.000000E+00 0.000000E+00 6.398171E+02
 2.185000E-01 7.254528E-01 1.163187E+01 0.000000E+00 0.000000E+00 6.380472E+02
 2.195000E-01 7.240182E-01 1.170131E+01 0.000000E+00 0.000000E+00 6.362815E+02
 2.205000E-01 7.225860E-01 1.177076E+01 0.000000E+00 0.000000E+00 6.345200E+02
 2.215000E-01 7.211559E-01 1.184020E+01 0.000000E+00 0.000000E+00 6.327627E+02
 2.225000E-01 7.197282E-01 1.190965E+01 0.000000E+00 0.000000E+00 6.310095E+02
 2.235000E-01 7.183027E-01 1.197909E+01 0.000000E+00 0.000000E+00 6.292606E+02
 2.245000E-01 7.168795E-01 1.204853E+01 0.000000E+00 0.000000E+00 6.275157E+02
 2.255000E-01 7.154585E-01 1.211798E+01 0.000000E+00 0.000000E+00 6.257750E+02
 2.265000E-01 7.140398E-01 1.218742E+01 0.000000E+00 0.000000E+00 6.240385E+02
 2.275000E-01 7.126233E-01 1.225687E+01 0.000000E+00 0.000000E+00 6.223061E+02
 2.285000E-01 7.112091E-01 1.232631E+01 0.000000E+00 0.000000E+00 6.205778E+02
 2.295000E-01 7.097971E-01 1.239576E+01 0.000000E+00 0.000000E+00 6.188536E+02
 2.305000E-01 7.083874E-01 1.246520E+01 0.000000E+00 0.000000E+00 6.171335E+02
 2.315000E-01 7.069799E-01 1.253465E+01 0.000000E+00 0.000000E+00 6.154176E+02
 2.325000E-01 7.055746E-01 1.260409E+01 0.000000E+00 0.000000E+00 6.137057E+02
 2.335000E-01 7.041717E-01 1.267353E+01 0.000000E+00 0.000000E+00 6.119979E+02
 2.345000E-01 7.027708E-01 1.274298E+01 0.000000E+00 0.000000E+00 6.102942E+02
 2.355000E-01 7.013723E-01 1.281242E+01 0.000000E+00 0.000000E+00 6.085945E+02
 2.365000E-01 6.999760E-01 1.288187E+01 0.000000E+00 0.000000E+00 6.068989E+02
 2.375000E-01 6.985819E-01 1.295131E+01 0.000000E+00 0.000000E+00 6.052074E+02
 2.385000E-01 6.971900E-01 1.302076E+01 0.000000E+00 0.000000E+00 6.035199E+02
 2.395000E-01 6.958004E-01 1.309020E+01 0.000000E+00 0.000000E+00 6.018365E+02
 2.405000E-01 6.944129E-01 1.315965E+01 0.000000E+00 0.000000E+00 6.001570E+02
 2.415000E-01 6.930277E-01 1.322909E+01 0.000000E+00 0.000000E+00 5.984816E+02
 2.425000E-01 6.916447E-01 1.329853E+01 0.000000E+00 0.000000E+00 5.968102E+02
 2.435000E-01 6.902639E-01 1.336798E+01 0.000000E+00 0.000000E+00 5.951428E+02
 2.445000E-01 6.888853E-01 1.343742E+01 0.000000E+00 0.000000E+00 5.934794E+02
 2.455000E-01 6.875089E-01 1.350687E+01 0.000000E+00 0.000000E+00 5.918199E+02
 2.465000E-01 6.861346E-01 1.357631E+01 0.000000E+00 0.000000E+00 5.901646E+02
 2.475000E-01 6.847627E-01 1.364576E+01 0.000000E+00 0.000000E+00 5.885131E+02
 2.485000E-01 6.833929E-01 1.371520E+01 0.000000E+00 0.000000E+00 5.868655E+02
 2.495000E-01 6.820253E-01 1.378465E+01 0.000000E+00 0.000000E+00 5.852220E+02
 2.505000E-01 6.806598E-01 1.385409E+01 0.000000E+00 0.000000E+00 5.835824E+02
 2.515000E-01 6.792966E-01 1.392353E+01 0.000000E+00 0.000000E+00 5.819467E+02
 2.525000E-01 6.779355E-01 1.399298E+01 0.000000E+00 0.000000E+00 5.803150E+02
 2.535000E-01 6.765767E-01 1.406242E+01 0.000000E+00 0.000000E+00 5.786871E+02
 2.545000E-01 6.752200E-01 1.413187E+01 0.000000E+00 0.000000E+00 5.770632E+02
 2.555000E-01 6.738655E-01 1.420131E+01 0.000000E+00 0.000000E+00 5.754433E+02
 2.565000E-01 6.725132E-01 1.427076E+01 0.000000E+00 0.000000E+00 5.738271E+02
 2.575000E-01 6.711630E-01 1.434020E+01 0.000000E+00 0.000000E+00 5.722150E+02
 2.585000E-01 6.698150E-01 1.440965E+01 0.000000E+00 0.000000E+00 5.706067E+02
 2.595000E-01 6.684692E-01 1.447909E+01 0.000000E+00 0.000000E+00 5.690022E+02
 2.605000E-01 6.671255E-01 1.454853E+01 0.000000E+00 0.000000E+00 5.674017E+02
 2.615000E-01 6.657841E-01 1.461798E+01 0.000000E+00 0.000000E+00 5.658049E+02
 2.625000E-01 6.644447E-01 1.468742E+01 0.000000E+00 0.000000E+00 5.642121E+02
 2.635000E-01 6.631075E-01 1.475687E+01 0.000000E+00 0.000000E+00 5.626230E+02
 2.645000E-01 6.617725E-01 1.482631E+01 0.000000E+00 0.000000E+00 5.610379E+02
 2.655000E-01 6.604396E-01 1.489576E+01 0.000000E+00 0.000000E+00 5.594565E+02
 2.665000E-01 6.591089E-01 1.496520E+01 0.000000E+00 0.000000E+00 5.578790E+02
 2.675000E-01 6.577803E-01 1.503465E+01 0.000000E+00 0.000000E+00 5.563053E+02
 2.685000E-01 6.564538E-01 1.510409E+01 0.000000E+00 0.000000E+00 5.547354E+02
 2.695000E-01 6.551296E-01 1.517353E+01 0.000000E+00 0.000000E+00 5.531693E+02
 2.705000E-01 6.538074E-01 1.524298E+01 0.000000E+00 0.000000E+00 5.516070E+02
 2.715000E-01 6.524874E-01 1.531242E+01 0.000000E+00 0.000000E+00 5.500485E+02
 2.725000E-01 6.511695E-01 1.538187E+01 0.000000E+00 0.000000E+00 5.484937E+02
 2.735000E-01 6.498537E-01 1.545131E+01 0.000000E+00 0.000000E+00 5.469427E+02
 2.745000E-01 6.485401E-01 1.552076E+01 0.000000E+00 0.000000E+00 5.453955E+02
 2.755000E-01 6.472286E-01 1.559020E+01 0.000000E+00 0.000000E+00 5.438521E+02
 2.765000E-01 6.459192E-01 1.565965E+01 0.000000E+00 0.000000E+00 5.423123E+02
 2.775000E-01 6.446119E-01 1.572909E+01 0.000000E+00 0.000000E+00 5.407763E+02
 2.785000E-01 6.433068E-01 1.579853E+01 0.000000E+00 0.000000E+00 5.392441E+02
 2.795000E-01 6.420037E-01 1.586798E+01 0.000000E+00 0.000000E+00 5.377155E+02
 2.805000E-01 6.407028E-01 1.593742E+01 0.000000E+00 0.000000E+00 5.361907E+02
 2.815000E-01 6.394040E-01 1.600687E+01 0.000000E+00 0.000000E+00 5.346696E+02
 2.825000E-01 6.381073E-01 1.607631E+01 0.000000E+00 0.000000E+00 5.331522E+02
 2.835000E-01 6.368127E-01 1.614576E+01 0.000000E+00 0.000000E+00 5.316385E+02
 2.845000E-01 6.355202E-01 1.621520E+01 0.000000E+00 0.000000E+00 5.301284E+02
 2.855000E-01 6.342298E-01 1.628465E+01 0.000000E+00 0.000000E+00 5.286221E+02
 2.865000E-01 6.329415E-01 1.635409E+01 0.000000E+00 0.000000E+00 5.271194E+02
 2.875000E-01 6.316553E-01 1.642353E+01 0.000000E+00 0.000000E+00 5.256204E+02
 2.885000E-01 6.303712E-01 1.649298E+01 0.000000E+00 0.000000E+00 5.241250E+02
 2.895000E-01 6.290892E-01 1.656242E+01 0.000000E+00 0.000000E+00 5.226333E+02
 2.905000E-01 6.278092E-01 1.663187E+01 0.000000E+00 0.000000E+00 5.211452E+02
 2.915000E-01 6.265314E-01 1.670131E+01 0.000000E+00 0.000000E+00 5.196608E+02
 2.925000E-01 6.252556E-01 1.677076E+01 0.000000E+00 0.000000E+00 5.181799E+02
 2.935000E-01 6.239819E-01 1.684020E+01 0.000000E+00 0.000000E+00 5.167028E+02
 2.945000E-01 6.227103E-01 1.690965E+01 0.000000E+00 0.000000E+00 5.152292E+02
 2.955000E-01 6.214407E-01 1.697909E+01 0.000000E+00 0.000000E+00 5.137592E+02
 2.965000E-01 6.201733E-01 1.704853E+01 0.000000E+00 0.000000E+00 5.122928E+02
 2.975000E-01 6.189079E-01 1.711798E+01 0.000000E+00 0.000000E+00 5.108300E+02
 2.985000E-01 6.176445E-01 1.718742E+01 0.000000E+00 0.000000E+00 5.093708E+02
 2.995000E-01 6.163833E-01 1.725687E+01 0.000000E+00 0.000000E+00 5.079151E+02
 3.005000E-01 6.151240E-01 1.732631E+01 0.000000E+00 0.000000E+00 5.064630E+02
 3.015000E-01 6.138669E-01 1.739576E+01 0.000000E+00 0.000000E+00 5.050145E+02
 3.025000E-01 6.126118E-01 1.746520E+01 0.000000E+00 0.000000E+00 5.035696E+02
 3.035000E-01 6.113588E-01 1.753465E+01 0.000000E+00 0.000000E+00 5.021281E+02
 3.045000E-01 6.101077E-01 1.760409E+01 0.000000E+00 0.000000E+00 5.006903E+02
 3.055000E-01 6.088588E-01 1.767353E+01 0.000000E+00 0.000000E+00 4.992559E+02
 3.065000E-01 6.076119E-01 1.774298E+01 0.000000E+00 0.000000E+00 4.978251E+02
 3.075000E-01 6.063671E-01 1.781242E+01 0.000000E+00 0.000000E+00 4.963978E+02
 3.085000E-01 6.051242E-01 1.788187E+01 0.000000E+00 0.000000E+00 4.949740E+02
 3.095000E-01 6.038834E-01 1.795131E+01 0.000000E+00 0.000000E+00 4.935537E+02
 3.105000E-01 6.026447E-01 1.802076E+01 0.000000E+00 0.000000E+00 4.921369E+02
 3.115000E-01 6.014080E-01 1.809020E+01 0.000000E+00 0.000000E+00 4.907235E+02
 3.125000E-01 6.001734E-01 1.815965E+01 0.000000E+00 0.000000E+00 4.893137E+02
 3.135000E-01 5.989407E-01 1.822909E+01 0.000000E+00 0.000000E+00 4.879073E+02
 3.145000E-01 5.977101E-01 1.829853E+01 0.000000E+00 0.000000E+00 4.865045E+02
 3.155000E-01 5.964815E-01 1.836798E+01 0.000000E+00 0.000000E+00 4.851050E+02
 3.165000E-01 5.952549E-01 1.843742E+01 0.000000E+00 0.000000E+00 4.837090E+02
 3.175000E-01 5.940304E-01 1.850687E+01 0.000000E+00 0.000000E+00 4.823165E+02
 3.185000E-01 5.928078E-01 1.857631E+01 0.000000E+00 0.000000E+00 4.809274E+02
 3.195000E-01 5.915873E-01 1.864576E+01 0.000000E+00 0.000000E+00 4.795417E+02
 3.205000E-01 5.903688E-01 1.871520E+01 0.000000E+00 0.000000E+00 4.781595E+02
 3.215000E-01 5.891523E-01 1.878465E+01 0.000000E+00 0.000000E+00 4.767806E+02
 3.225000E-01 5.879378E-01 1.885409E+01 0.000000E+00 0.000000E+00 4.754052E+02
 3.235000E-01 5.867253E-01 1.892353E+01 0.000000E+00 0.000000E+00 4.740332E+02
 3.245000E-01 5.855148E-01 1.899298E+01 0.000000E+00 0.000000E+00 4.726645E+02
 3.255000E-01 5.843063E-01 1.906242E+01 0.000000E+00 0.000000E+00 4.712993E+02
 3.265000E-01 5.830998E-01 1.913187E+01 0.000000E+00 0.000000E+00 4.699374E+02
 3.275000E-01 5.818953E-01 1.920131E+01 0.000000E+00 0.000000E+00 4.685789E+02
 3.285000E-01 5.806928E-01 1.927076E+01 0.000000E+00 0.000000E+00 4.672238E+02
 3.295000E-01 5.794923E-01 1.934020E+01 0.000000E+00 0.000000E+00 4.658721E+02
 3.305000E-01 5.782937E-01 1.940965E+01 0.000000E+00 0.000000E+00 4.645237E+02
 3.315000E-01 5.770972E-01 1.947909E+01 0.000000E+00 0.000000E+00 4.631786E+02
 3.325000E-01 5.759026E-01 1.954853E+01 0.000000E+00 0.000000E+00 4.618369E+02
 3.335000E-01 5.750623E-01 1.959745E+01 0.000000E+00 0.000000E+00 4.608938E+02
 3.345000E-01 5.750623E-01 1.959745E+01 0.000000E+00 0.000000E+00 4.608938E+02
 3.355000E-01 5.750623E-01 1.959745E+01 0.000000E+00 0.000000E+00 4.608938E+02
 3.365000E-01 5.750623E-01 1.959745E+01 0.000000E+00 0.000000E+00 4.608938E+02
 3.375000E-01 5.750623E-01 1.959745E+01 0.000000E+00 0.000000E+00 4.608938E+02
 3.385000E-01 5.750623E-01 1.959745E+01 0.000000E+00 0.000000E+00 4.608938E+02
 3.395000E-01 5.750623E-01 1.959745E+01 0.000000E+00 0.000000E+00 4.608938E+02
 3.405000E-01 5.750623E-01 1.959745E+01 0.000000E+00 0.000000E+00 4.608938E+02
 3.415000E-01 5.750623E-01 1.959745E+01 0.000000E+00 0.000000E+00 4.608938E+02
 3.425000E-01 5.750623E-01 1.959745E+01 0.000000E+00 0.000000E+00 4.608938E+02
 3.435000E-01 5.750623E-01 1.959745E+01 0.000000E+00 0.000000E+00 4.608938E+02
 3.445000E-01 5.750623E-01 1.959745E+01 0.000000E+00 0.000000E+00 4.608938E+02
 3.455000E-01 5.750623E-01 1.959745E+01 0.000000E+00 0.000000E+00 4.608938E+02
 3.465000E-01 5.750623E-01 1.959745E+01 0.000000E+00 0.000000E+00 4.608938E+02
 3.475000E-01 5.750623E-01 1.959745E+01 0.000000E+00 0.000000E+00 4.608938E+02
 3.485000E-01 5.750623E-01 1.959745E+01 0.000000E+00 0.000000E+00 4.608938E+02
 3.495000E-01 5.750623E-01 1.959745E+01 0.000000E+00 0.000000E+00 4.608938E+02
 3.505000E-01 5.750623E-01 1.959745E+01 0.000000E+00 0.000000E+00 4.608938E+02
 3.515000E-01 5.750623E-01 1.959745E+01 0.000000E+00 0.000000E+00 4.608938E+02
 3.525000E-01 5.750623E-01 1.959745E+01 0.000000E+00 0.000000E+00 4.608938E+02
 3.535000E-01 5.750623E-01 1.959745E+01 0.000000E+00 0.000000E+00 4.608938E+02
 3.545000E-01 5.750623E-01 1.959745E+01 0.000000E+00 0.000000E+00 4.608938E+02
 3.555000E-01 5.750623E-01 1.959745E+01 0.000000E+00 0.000000E+00 4.608938E+02
 3.565000E-01 5.750623E-01 1.959745E+01 0.000000E+00 0.000000E+00 4.608938E+02
 3.575000E-01 5.750623E-01 1.959745E+01 0.000000E+00 0.000000E+00 4.608938E+02
 3.585000E-01 5.750623E-01 1.959745E+01 0.000000E+00 0.000000E+00 4.608938E+02
 3.595000E-01 5.750623E-01 1.959745E+01 0.000000E+00 0.000000E+00 4.608938E+02
 3.605000E-01 5.750623E-01 1.959745E+01 0.000000E+00 0.000000E+00 4.608938E+02
 3.615000E-01 5.750623E-01 1.959745E+01 0.000000E+00 0.000000E+00 4.608938E+02
 3.625000E-01 5.750623E-01 1.959745E+01 0.000000E+00 0.000000E+00 4.608938E+02
 3.635000E-01 5.750623E-01 1.959745E+01 0.000000E+00 0.000000E+00 4.608938E+02
 3.645000E-01 5.750623E-01 1.959745E+01 0.000000E+00 0.000000E+00 4.608938E+02
 3.655000E-01 5.750623E-01 1.959745E+01 0.000000E+00 0.000000E+00 4.608938E+02
 3.665000E-01 5.750623E-01 1.959745E+01 0.000000E+00 0.000000E+00 4.608938E+02
 3.675000E-01 5.750623E-01 1.959745E+01 0.000000E+00 0.000000E+00 4.608938E+02
 3.685000E-01 5.750623E-01 1.959745E+01 0.000000E+00 0.000000E+00 4.608938E+02
 3.695000E-01 5.750623E-01 1.959745E+01 0.000000E+00 0.000000E+00 4.608938E+02
 3.705000E-01 5.750623E-01 1.959745E+01 0.000000E+00 0.000000E+00 4.608938E+02
 3.715000E-01 5.750623E-01 1.959745E+01 0.000000E+00 0.000000E+00 4.608938E+02
 3.725000E-01 5.750623E-01 1.959745E+01 0.000000E+00 0.000000E+00 4.608938E+02
 3.735000E-01 5.750623E-01 1.959745E+01 0.000000E+00 0.000000E+00 4.608938E+02
 3.745000E-01 5.750623E-01 1.959745E+01 0.000000E+00 0.000000E+00 4.608938E+02
 3.755000E-01 5.750623E-01 1.959745E+01 0.000000E+00 0.000000E+00 4.608938E+02
 3.765000E-01 5.750623E-01 1.959745E+01 0.000000E+00 0.000000E+00 4.608938E+02
 3.775000E-01 5.750623E-01 1.959745E+01 0.000000E+00 0.000000E+00 4.608938E+02
 3.785000E-01 5.750623E-01 1.959745E+01 0.000000E+00 0.000000E+00 4.608938E+02
 3.795000E-01 5.750623E-01 1.959745E+01 0.000000E+00 0.000000E+00 4.608938E+02
 3.805000E-01 5.750623E-01 1.959745E+01 0.000000E+00 0.000000E+00 4.608938E+02
 3.815000E-01 5.750623E-01 1.959745E+01 0.000000E+00 0.000000E+00 4.608938E+02
 3.825000E-01 5.750623E-01 1.959745E+01 0.000000E+00 0.000000E+00 4.608938E+02
 3.835000E-01 5.750623E-01 1.959745E+01 0.000000E+00 0.000000E+00 4.608938E+02
 3.845000E-01 5.750623E-01 1.959745E+01 0.000000E+00 0.000000E+00 4.608938E+02
 3.855000E-01 5.750623E-01 1.959745E+01 0.000000E+00 0.000000E+00 4.608938E+02
 3.865000E-01 5.750623E-01 1.959745E+01 0.000000E+00 0.000000E+00 4.608938E+02
 3.875000E-01 5.750623E-01 1.959745E+01 0.000000E+00 0.000000E+00 4.608938E+02
 3.885000E-01 5.750623E-01 1.959745E+01 0.000000E+00 0.000000E+00 4.608938E+02
 3.895000E-01 5.750623E-01 1.959745E+01 0.000000E+00 0.000000E+00 4.608938E+02
 3.905000E-01 5.750623E-01 1.959745E+01 0.000000E+00 0.000000E+00 4.608938E+02
 3.915000E-01 5.750623E-01 1.959745E+01 0.000000E+00 0.000000E+00 4.608938E+02
 3.925000E-01 5.750623E-01 1.959745E+01 0.000000E+00 0.000000E+00 4.608938E+02
 3.935000E-01 5.750623E-01 1.959745E+01 0.000000E+00 0.000000E+00 4.608938E+02
 3.945000E-01 5.750623E-01 1.959745E+01 0.000000E+00 0.000000E+00 4.608938E+02
 3.955000E-01 5.750623E-01 1.959745E+01 0.000000E+00 0.000000E+00 4.608938E+02
 3.965000E-01 5.750623E-01 1.959745E+01 0.000000E+00 0.000000E+00 4.608938E+02
 3.975000E-01 5.750623E-01 1.959745E+01 0.000000E+00 0.000000E+00 4.608938E+02
 3.985000E-01 5.750623E-01 1.959745E+01 0.000000E+00 0.000000E+00 4.608938E+02
 3.995000E-01 5.750623E-01 1.959745E+01 0.000000E+00 0.000000E+00 4.608938E+02
 4.005000E-01 5.750623E-01 1.959745E+01 0.000000E+00 0.000000E+00 4.608938E+02
 4.015000E-01 5.750623E-01 1.959745E+01 0.000000E+00 0.000000E+00 4.608938E+02
 4.025000E-01 5.750623E-01 1.959745E+01 0.000000E+00 0.000000E+00 4.608938E+02
 4.035000E-01 5.750623E-01 1.959745E+01 0.000000E+00 0.000000E+00 4.608938E+02
 4.045000E-01 5.750623E-01 1.959745E+01 0.000000E+00 0.000000E+00 4.608938E+02
 4.055000E-01 5.750623E-01 1.959745E+01 0.000000E+00 0.000000E+00 4.608938E+02
 4.065000E-01 5.750623E-01 1.959745E+01 0.000000E+00 0.000000E+00 4.608938E+02
 4.075000E-01 5.750623E-01 1.959745E+01 0.000000E+00 0.000000E+00 4.608938E+02
 4.085000E-01 5.750623E-01 1.959745E+01 0.000000E+00 0.000000E+00 4.608938E+02
 4.095000E-01 5.750623E-01 1.959745E+01 0.000000E+00 0.000000E+00 4.608938E+02
 4.105000E-01 5.750623E-01 1.959745E+01 0.000000E+00 0.000000E+00 4.608938E+02
 4.115000E-01 5.750623E-01 1.959745E+01 0.000000E+00 0.000000E+00 4.608938E+02
 4.125000E-01 5.750623E-01 1.959745E+01 0.000000E+00 0.000000E+00 4.608938E+02
 4.135000E-01 5.750623E-01 1.959745E+01 0.000000E+00 0.000000E+00 4.608938E+02
 4.145000E-01 5.750623E-01 1.959745E+01 0.000000E+00 0.000000E+00 4.608938E+02
 4.155000E-01 5.750623E-01 1.959745E+01 0.000000E+00 0.000000E+00 4.608938E+02
 4.165000E-01 5.750623E-01 1.959745E+01 0.000000E+00 0.000000E+00 4.608938E+02
 4.175000E-01 5.750623E-01 1.959745E+01 0.000000E+00 0.000000E+00 4.608938E+02
 4.185000E-01 5.750623E-01 1.959745E+01 0.000000E+00 0.000000E+00 4.608938E+02
 4.195000E-01 5.750623E-01 1.959745E+01 0.000000E+00 0.000000E+00 4.608938E+02
 4.205000E-01 5.750623E-01 1.959745E+01 0.000000E+00 0.000000E+00 4.608938E+02
 4.215000E-01 5.750623E-01 1.959745E+01 0.000000E+00 0.000000E+00 4.608938E+02
 4.225000E-01 5.750623E-01 1.959745E+01 0.000000E+00 0.000000E+00 4.608938E+02
 4.235000E-01 5.750623E-01 1.959745E+01 0.000000E+00 0.000000E+00 4.608938E+02
 4.245000E-01 5.750623E-01 1.959745E+01 0.000000E+00 0.000000E+00 4.608938E+02
 4.255000E-01 5.750623E-01 1.959745E+01 0.000000E+00 0.000000E+00 4.608938E+02
 4.265000E-01 5.750623E-01 1.959745E+01 0.000000E+00 0.000000E+00 4.608938E+02
 4.275000E-01 5.750623E-01 1.959745E+01 0.000000E+00 0.000000E+00 4.608938E+02
 4.285000E-01 5.750623E-01 1.959745E+01 0.000000E+00 0.000000E+00 4.608938E+02
 4.295000E-01 5.750623E-01 1.959745E+01 0.000000E+00 0.000000E+00 4.608938E+02
 4.305000E-01 5.750623E-01 1.959745E+01 0.000000E+00 0.000000E+00 4.608938E+02
 4.315000E-01 5.750623E-01 1.959745E+01 0.000000E+00 0.000000E+00 4.608938E+02
 4.325000E-01 5.750623E-01 1.959745E+01 0.000000E+00 0.000000E+00 4.608938E+02
 4.335000E-01 5.750623E-01 1.959745E+01 0.000000E+00 0.000000E+00 4.608938E+02
 4.345000E-01 5.750623E-01 1.959745E+01 0.000000E+00 0.000000E+00 4.608938E+02
 4.355000E-01 5.750623E-01 1.959745E+01 0.000000E+00 0.000000E+00 4.608938E+02
 4.365000E-01 5.750623E-01 1.959745E+01 0.000000E+00 0.000000E+00 4.608938E+02
 4.375000E-01 5.750623E-01 1.959745E+01 0.000000E+00 0.000000E+00 4.608938E+02
 4.385000E-01 5.750623E-01 1.959745E+01 0.000000E+00 0.000000E+00 4.608938E+02
 4.395000E-01 5.750623E-01 1.959745E+01 0.000000E+00 0.000000E+00 4.608938E+02
 4.405000E-01 5.750623E-01 1.959745E+01 0.000000E+00 0.000000E+00 4.608938E+02
 4.415000E-01 5.750623E-01 1.959745E+01 0.000000E+00 0.000000E+00 4.608938E+02
 4.425000E-01 5.750623E-01 1.959745E+01 0.000000E+00 0.000000E+00 4.608938E+02
 4.435000E-01 5.750623E-01 1.959745E+01 0.000000E+00 0.000000E+00 4.608938E+02
 4.445000E-01 5.750623E-01 1.959745E+01 0.000000E+00 0.000000E+00 4.608938E+02
 4.455000E-01 5.750623E-01 1.959745E+01 0.000000E+00 0.000000E+00 4.608938E+02
 4.465000E-01 5.750623E-01 1.959745E+01 0.000000E+00 0.000000E+00 4.608938E+02
 4.475000E-01 5.750623E-01 1.959745E+01 0.000000E+00 0.000000E+00 4.608938E+02
 4.485000E-01 5.750623E-01 1.959745E+01 0.000000E+00 0.000000E+00 4.608938E+02
 4.495000E-01 5.750623E-01 1.959745E+01 0.000000E+00 0.000000E+00 4.608938E+02
 4.505000E-01 5.750623E-01 1.959745E+01 0.000000E+00 0.000000E+00 4.608938E+02
 4.515000E-01 5.750623E-01 1.959745E+01 0.000000E+00 0.000000E+00 4.608938E+02
 4.525000E-01 5.750623E-01 1.959745E+01 0.000000E+00 0.000000E+00 4.608938E+02
 4.535000E-01 5.750623E-01 1.959745E+01 0.000000E+00 0.000000E+00 4.608938E+02
 4.545000E-01 5.750623E-01 1.959745E+01 0.000000E+00 0.000000E+00 4.608938E+02
 4.555000E-01 5.750623E-01 1.959745E+01 0.000000E+00 0.000000E+00 4.608938E+02
 4.565000E-01 5.750623E-01 1.959745E+01 0.000000E+00 0.000000E+00 4.608938E+02
 4.575000E-01 5.750623E-01 1.959745E+01 0.000000E+00 0.000000E+00 4.608938E+02
 4.585000E-01 5.750623E-01 1.959745E+01 0.000000E+00 0.000000E+00 4.608938E+02
 4.595000E-01 5.750623E-01 1.959745E+01 0.000000E+00 0.000000E+00 4.608938E+02
 4.605000E-01 5.750623E-01 1.959745E+01 0.000000E+00 0.000000E+00 4.608938E+02
 4.615000E-01 5.750623E-01 1.959745E+01 0.000000E+00 0.000000E+00 4.608938E+02
 4.625000E-01 5.750623E-01 1.959745E+01 0.000000E+00 0.000000E+00 4.608938E+02
 4.635000E-01 5.750623E-01 1.959745E+01 0.000000E+00 0.000000E+00 4.608938E+02
 4.645000E-01 5.750623E-01 1.959745E+01 0.000000E+00 0.000000E+00 4.608938E+02
 4.655000E-01 5.750623E-01 1.959745E+01 0.000000E+00 0.000000E+00 4.608938E+02
 4.665000E-01 5.750623E-01 1.959745E+01 0.000000E+00 0.000000E+00 4.608938E+02
 4.675000E-01 5.750623E-01 1.959745E+01 0.000000E+00 0.000000E+00 4.608938E+02
 4.685000E-01 5.750623E-01 1.959745E+01 0.000000E+00 0.000000E+00 4.608938E+02
 4.695000E-01 5.750623E-01 1.959745E+01 0.000000E+00 0.000000E+00 4.608938E+02
 4.705000E-01 5.750623E-01 1.959745E+01 0.000000E+00 0.000000E+00 4.608938E+02
 4.715000E-01 5.750623E-01 1.959745E+01 0.000000E+00 0.000000E+00 4.608938E+02
 4.725000E-01 5.750623E-01 1.959745E+01 0.000000E+00 0.000000E+00 4.608938E+02
 4.735000E-01 5.750623E-01 1.959745E+01 0.000000E+00 0.000000E+00 4.608938E+02
 4.745000E-01 5.750623E-01 1.959745E+01 0.000000E+00 0.000000E+00 4.608938E+02
 4.755000E-01 5.750623E-01 1.959745E+01 0.000000E+00 0.000000E+00 4.608938E+02
 4.765000E-01 5.750623E-01 1.959745E+01 0.000000E+00 0.000000E+00 4.608938E+02
 4.775000E-01 5.750623E-01 1.959745E+01 0.000000E+00 0.000000E+00 4.608938E+02
 4.785000E-01 5.750623E-01 1.959745E+01 0.000000E+00 0.000000E+00 4.608938E+02
 4.795000E-01 5.750623E-01 1.959745E+01 0.000000E+00 0.000000E+00 4.608938E+02
 4.805000E-01 5.750623E-01 1.959745E+01 0.000000E+00 0.000000E+00 4.608938E+02
 4.815000E-01 5.750623E-01 1.959745E+01 0.000000E+00 0.000000E+00 4.608938E+02
 4.825000E-01 5.750623E-01 1.959745E+01 0.000000E+00 0.000000E+00 4.608938E+02
 4.835000E-01 5.750623E-01 1.959745E+01 0.000000E+00 0.000000E+00 4.608938E+02
 4.845000E-01 5.750623E-01 1.959745E+01 0.000000E+00 0.000000E+00 4.608938E+02
 4.855000E-01 5.750623E-01 1.959745E+01 0.000000E+00 0.000000E+00 4.608938E+02
 4.865000E-01 5.750623E-01 1.959745E+01 0.000000E+00 0.000000E+00 4.608938E+02
 4.875000E-01 5.750623E-01 1.959745E+01 0.000000E+00 0.000000E+00 4.608938E+02
 4.885000E-01 5.750623E-01 1.959745E+01 0.000000E+00 0.000000E+00 4.608938E+02
 4.895000E-01 5.750623E-01 1.959745E+01 0.000000E+00 0.000000E+00 4.608938E+02
 4.905000E-01 5.750623E-01 1.959745E+01 0.000000E+00 0.000000E+00 4.608938E+02
 4.915000E-01 5.750623E-01 1.959745E+01 0.000000E+00 0.000000E+00 4.608938E+02
 4.925000E-01 5.750623E-01 1.959745E+01 0.000000E+00 0.000000E+00 4.608938E+02
 4.935000E-01 5.750623E-01 1.959745E+01 0.000000E+00 0.000000E+00 4.608938E+02
 4.945000E-01 5.750623E-01 1.959745E+01 0.000000E+00 0.000000E+00 4.608938E+02
 4.955000E-01 5.750623E-01 1.959745E+01 0.000000E+00 0.000000E+00 4.608938E+02
 4.965000E-01 5.750623E-01 1.959745E+01 0.000000E+00 0.000000E+00 4.608938E+02
 4.975000E-01 5.750623E-01 1.959745E+01 0.000000E+00 0.000000E+00 4.608938E+02
 4.985000E-01 5.750623E-01 1.959745E+01 0.000000E+00 0.000000E+00 4.608938E+02
 4.995000E-01 5.750623E-01 1.959745E+01 0.000000E+00 0.000000E+00 4.608938E+02
 5.005000E-01 5.750623E-01 1.959745E+01 0.000000E+00 0.000000E+00 4.608938E+02
 5.015000E-01 5.750623E-01 1.959745E+01 0.000000E+00 0.000000E+00 4.608938E+02
 5.025000E-01 5.750623E-01 1.959745E+01 0.000000E+00 0.000000E+00 4.608938E+02
 5.035000E-01 5.750623E-01 1.959745E+01 0.000000E+00 0.000000E+00 4.608938E+02
 5.045000E-01 5.750623E-01 1.959745E+01 0.000000E+00 0.000000E+00 4.608938E+02
 5.055000E-01 5.750623E-01 1.959745E+01 0.000000E+00 0.000000E+00 4.608938E+02
 5.065000E-01 5.750623E-01 1.959745E+01 0.000000E+00 0.000000E+00 4.608938E+02
 5.075000E-01 5.750623E-01 1.959745E+01 0.000000E+00 0.000000E+00 4.608938E+02
 5.085000E-01 5.750623E-01 1.959745E+01 0.000000E+00 0.000000E+00 4.608938E+02
 5.095000E-01 5.750623E-01 1.959745E+01 0.000000E+00 0.000000E+00 4.608938E+02
 5.105000E-01 5.750623E-01 1.959745E+01 0.000000E+00 0.000000E+00 4.608938E+02
 5.115000E-01 5.750623E-01 1.959745E+01 0.000000E+00 0.000000E+00 4.608938E+02
 5.125000E-01 5.750623E-01 1.959745E+01 0.000000E+00 0.000000E+00 4.608938E+02
 5.135000E-01 5.750623E-01 1.959745E+01 0.000000E+00 0.000000E+00 4.608938E+02
 5.145000E-01 5.750623E-01 1.959745E+01 0.000000E+00 0.000000E+00 4.608938E+02
 5.155000E-01 5.750623E-01 1.959745E+01 0.000000E+00 0.000000E+00 4.608938E+02
 5.165000E-01 5.750623E-01 1.959745E+01 0.000000E+00 0.000000E+00 4.608938E+02
 5.175000E-01 5.750623E-01 1.959745E+01 0.000000E+00 0.000000E+00 4.608938E+02
 5.185000E-01 5.750623E-01 1.959745E+01 0.000000E+00 0.000000E+00 4.608938E+02
 5.195000E-01 5.750623E-01 1.959745E+01 0.000000E+00 0.000000E+00 4.608938E+02
 5.205000E-01 5.750623E-01 1.959745E+01 0.000000E+00 0.000000E+00 4.608938E+02
 5.215000E-01 5.750623E-01 1.959745E+01 0.000000E+00 0.000000E+00 4.608938E+02
 5.225000E-01 5.750623E-01 1.959745E+01 0.000000E+00 0.000000E+00 4.608938E+02
 5.235000E-01 5.750623E-01 1.959745E+01 0.000000E+00 0.000000E+00 4.608938E+02
 5.245000E-01 5.750623E-01 1.959745E+01 0.000000E+00 0.000000E+00 4.608938E+02
 5.255000E-01 5.750623E-01 1.959745E+01 0.000000E+00 0.000000E+00 4.608938E+02
 5.265000E-01 5.750623E-01 1.959745E+01 0.000000E+00 0.000000E+00 4.608938E+02
 5.275000E-01 5.750623E-01 1.959745E+01 0.000000E+00 0.000000E+00 4.608938E+02
 5.285000E-01 5.750623E-01 1.959745E+01 0.000000E+00 0.000000E+00 4.608938E+02
 5.295000E-01 5.750623E-01 1.959745E+01 0.000000E+00 0.000000E+00 4.608938E+02
 5.305000E-01 5.750623E-01 1.959745E+01 0.000000E+00 0.000000E+00 4.608938E+02
 5.315000E-01 5.750623E-01 1.959745E+01 0.000000E+00 0.000000E+00 4.608938E+02
 5.325000E-01 5.750623E-01 1.959745E+01 0.000000E+00 0.000000E+00 4.608938E+02
 5.335000E-01 5.750623E-01 1.959745E+01 0.000000E+00 0.000000E+00 4.608938E+02
 5.345000E-01 5.750623E-01 1.959745E+01 0.000000E+00 0.000000E+00 4.608938E+02
 5.355000E-01 5.750623E-01 1.959745E+01 0.000000E+00 0.000000E+00 4.608938E+02
 5.365000E-01 5.750623E-01 1.959745E+01 0.000000E+00 0.000000E+00 4.608938E+02
 5.375000E-01 5.750623E-01 1.959745E+01 0.000000E+00 0.000000E+00 4.608938E+02
 5.385000E-01 5.750623E-01 1.959745E+01 0.000000E+00 0.000000E+00 4.608938E+02
 5.395000E-01 5.750623E-01 1.959745E+01 0.000000E+00 0.000000E+00 4.608938E+02
 5.405000E-01 5.750623E-01 1.959745E+01 0.000000E+00 0.000000E+00 4.608938E+02
 5.415000E-01 5.750623E-01 1.959745E+01 0.000000E+00 0.000000E+00 4.608938E+02
 5.425000E-01 5.750623E-01 1.959745E+01 0.000000E+00 0.000000E+00 4.608938E+02
 5.435000E-01 5.750623E-01 1.959745E+01 0.000000E+00 0.000000E+00 4.608938E+02
 5.445000E-01 5.750623E-01 1.959745E+01 0.000000E+00 0.000000E+00 4.608938E+02
 5.455000E-01 5.750623E-01 1.959745E+01 0.000000E+00 0.000000E+00 4.608938E+02
 5.465000E-01 5.750623E-01 1.959745E+01 0.000000E+00 0.000000E+00 4.608938E+02
 5.475000E-01 5.750623E-01 1.959745E+01 0.000000E+00 0.000000E+00 4.608938E+02
 5.485000E-01 5.750623E-01 1.959745E+01 0.000000E+00 0.000000E+00 4.608938E+02
 5.495000E-01 5.750623E-01 1.959745E+01 0.000000E+00 0.000000E+00 4.608938E+02
 5.505000E-01 5.750623E-01 1.959745E+01 0.000000E+00 0.000000E+00 4.608938E+02
 5.515000E-01 5.750623E-01 1.959745E+01 0.000000E+00 0.000000E+00 4.608938E+02
 5.525000E-01 5.750623E-01 1.959745E+01 0.000000E+00 0.000000E+00 4.608938E+02
 5.535000E-01 5.750623E-01 1.959745E+01 0.000000E+00 0.000000E+00 4.608938E+02
 5.545000E-01 5.750623E-01 1.959745E+01 0.000000E+00 0.000000E+00 4.608938E+02
 5.555000E-01 5.750623E-01 1.959745E+01 0.000000E+00 0.000000E+00 4.608938E+02
 5.565000E-01 5.750623E-01 1.959745E+01 0.000000E+00 0.000000E+00 4.608938E+02
 5.575000E-01 5.750623E-01 1.959745E+01 0.000000E+00 0.000000E+00 4.608938E+02
 5.585000E-01 5.750623E-01 1.959745E+01 0.000000E+00 0.000000E+00 4.608938E+02
 5.595000E-01 5.750623E-01 1.959745E+01 0.000000E+00 0.000000E+00 4.608938E+02
 5.605000E-01 5.750623E-01 1.959745E+01 0.000000E+00 0.000000E+00 4.608938E+02
 5.615000E-01 5.750623E-01 1.959745E+01 0.000000E+00 0.000000E+00 4.608938E+02
 5.625000E-01 5.750623E-01 1.959745E+01 0.000000E+00 0.000000E+00 4.608938E+02
 5.635000E-01 5.750623E-01 1.959745E+01 0.000000E+00 0.000000E+00 4.608938E+02
 5.645000E-01 5.750623E-01 1.959745E+01 0.000000E+00 0.000000E+00 4.608938E+02
 5.655000E-01 5.750623E-01 1.959745E+01 0.000000E+00 0.000000E+00 4.608938E+02
 5.665000E-01 5.750623E-01 1.959745E+01 0.000000E+00 0.000000E+00 4.608938E+02
 5.675000E-01 5.750623E-01 1.959745E+01 0.000000E+00 0.000000E+00 4.608938E+02
 5.685000E-01 5.750623E-01 1.959745E+01 0.000000E+00 0.000000E+00 4.608938E+02
 5.695000E-01 5.750623E-01 1.959745E+01 0.000000E+00 0.000000E+00 4.608938E+02
 5.705000E-01 5.750623E-01 1.959745E+01 0.000000E+00 0.000000E+00 4.608938E+02
 5.715000E-01 5.750623E-01 1.959745E+01 0.000000E+00 0.000000E+00 4.608938E+02
 5.725000E-01 5.750623E-01 1.959745E+01 0.000000E+00 0.000000E+00 4.608938E+02
 5.735000E-01 5.750623E-01 1.959745E+01 0.000000E+00 0.000000E+00 4.608938E+02
 5.745000E-01 5.750623E-01 1.959745E+01 0.000000E+00 0.000000E+00 4.608938E+02
 5.755000E-01 5.750623E-01 1.959745E+01 0.000000E+00 0.000000E+00 4.608938E+02
 5.765000E-01 5.750623E-01 1.959745E+01 0.000000E+00 0.000000E+00 4.608938E+02
 5.775000E-01 5.750623E-01 1.959745E+01 0.000000E+00 0.000000E+00 4.608938E+02
 5.785000E-01 5.750623E-01 1.959745E+01 0.000000E+00 0.000000E+00 4.608938E+02
 5.795000E-01 5.750623E-01 1.959745E+01 0.000000E+00 0.000000E+00 4.608938E+02
 5.805000E-01 5.750623E-01 1.959745E+01 0.000000E+00 0.000000E+00 4.608938E+02
 5.815000E-01 5.750623E-01 1.959745E+01 0.000000E+00 0.000000E+00 4.608938E+02
 5.825000E-01 5.750623E-01 1.959745E+01 0.000000E+00 0.000000E+00 4.608938E+02
 5.835000E-01 5.750623E-01 1.959745E+01 0.000000E+00 0.000000E+00 4.608938E+02
 5.845000E-01 5.750623E-01 1.959745E+01 0.000000E+00 0.000000E+00 4.608938E+02
 5.855000E-01 5.750623E-01 1.959745E+01 0.000000E+00 0.000000E+00 4.608938E+02
 5.865000E-01 5.750623E-01 1.959745E+01 0.000000E+00 0.000000E+00 4.608938E+02
 5.875000E-01 5.750623E-01 1.959745E+01 0.000000E+00 0.000000E+00 4.608938E+02
 5.885000E-01 5.750623E-01 1.959745E+01 0.000000E+00 0.000000E+00 4.608938E+02
 5.895000E-01 5.750623E-01 1.959745E+01 0.000000E+00 0.000000E+00 4.608938E+02
 5.905000E-01 5.750623E-01 1.959745E+01 0.000000E+00 0.000000E+00 4.608938E+02
 5.915000E-01 5.750623E-01 1.959745E+01 0.000000E+00 0.000000E+00 4.608938E+02
 5.925000E-01 5.750623E-01 1.959745E+01 0.000000E+00 0.000000E+00 4.608938E+02
 5.935000E-01 5.750623E-01 1.959745E+01 0.000000E+00 0.000000E+00 4.608938E+02
 5.945000E-01 5.750623E-01 1.959745E+01 0.000000E+00 0.000000E+00 4.608938E+02
 5.955000E-01 5.750623E-01 1.959745E+01 0.000000E+00 0.000000E+00 4.608938E+02
 5.965000E-01 5.750623E-01 1.959745E+01 0.000000E+00 0.000000E+00 4.608938E+02
 5.975000E-01 5.750623E-01 1.959745E+01 0.000000E+00 0.000000E+00 4.608938E+02
 5.985000E-01 5.750623E-01 1.959745E+01 0.000000E+00 0.000000E+00 4.608938E+02
 5.995000E-01 5.750623E-01 1.959745E+01 0.000000E+00 0.000000E+00 4.608938E+02
 6.005000E-01 5.750623E-01 1.959745E+01 0.000000E+00 0.000000E+00 4.608938E+02
 6.015000E-01 5.750623E-01 1.959745E+01 0.000000E+00 0.000000E+00 4.608938E+02
 6.025000E-01 5.750623E-01 1.959745E+01 0.000000E+00 0.000000E+00 4.608938E+02
 6.035000E-01 5.750623E-01 1.959745E+01 0.000000E+00 0.000000E+00 4.608938E+02
 6.045000E-01 5.750623E-01 1.959745E+01 0.000000E+00 0.000000E+00 4.608938E+02
 6.055000E-01 5.750623E-01 1.959745E+01 0.000000E+00 0.000000E+00 4.608938E+02
 6.065000E-01 5.750623E-01 1.959745E+01 0.000000E+00 0.000000E+00 4.608938E+02
 6.075000E-01 5.750623E-01 1.959745E+01 0.000000E+00 0.000000E+00 4.608938E+02
 6.085000E-01 5.750623E-01 1.959745E+01 0.000000E+00 0.000000E+00 4.608938E+02
 6.095000E-01 5.750623E-01 1.959745E+01 0.000000E+00 0.000000E+00 4.608938E+02
 6.105000E-01 5.750623E-01 1.959745E+01 0.000000E+00 0.000000E+00 4.608938E+02
 6.115000E-01 5.750623E-01 1.959745E+01 0.000000E+00 0.000000E+00 4.608938E+02
 6.125000E-01 5.750623E-01 1.959745E+01 0.000000E+00 0.000000E+00 4.608938E+02
 6.135000E-01 5.750623E-01 1.959745E+01 0.000000E+00 0.000000E+00 4.608938E+02
 6.145000E-01 5.750623E-01 1.959745E+01 0.000000E+00 0.000000E+00 4.608938E+02
 6.155000E-01 5.750623E-01 1.959745E+01 0.000000E+00 0.000000E+00 4.608938E+02
 6.165000E-01 5.750623E-01 1.959745E+01 0.000000E+00 0.000000E+00 4.608938E+02
 6.175000E-01 5.750623E-01 1.959745E+01 0.000000E+00 0.000000E+00 4.608938E+02
 6.185000E-01 5.750623E-01 1.959745E+01 0.000000E+00 0.000000E+00 4.608938E+02
 6.195000E-01 5.750623E-01 1.959745E+01 0.000000E+00 0.000000E+00 4.608938E+02
 6.205000E-01 5.750623E-01 1.959745E+01 0.000000E+00 0.000000E+00 4.608938E+02
 6.215000E-01 5.750623E-01 1.959745E+01 0.000000E+00 0.000000E+00 4.608938E+02
 6.225000E-01 5.750623E-01 1.959745E+01 0.000000E+00 0.000000E+00 4.608938E+02
 6.235000E-01 5.750623E-01 1.959745E+01 0.000000E+00 0.000000E+00 4.608938E+02
 6.245000E-01 5.750623E-01 1.959745E+01 0.000000E+00 0.000000E+00 4.608938E+02
 6.255000E-01 5.750623E-01 1.959745E+01 0.000000E+00 0.000000E+00 4.608938E+02
 6.265000E-01 5.750623E-01 1.959745E+01 0.000000E+00 0.000000E+00 4.608938E+02
 6.275000E-01 5.750623E-01 1.959745E+01 0.000000E+00 0.000000E+00 4.608938E+02
 6.285000E-01 5.750623E-01 1.959745E+01 0.000000E+00 0.000000E+00 4.608938E+02
 6.295000E-01 5.750623E-01 1.959745E+01 0.000000E+00 0.000000E+00 4.608938E+02
 6.305000E-01 5.750623E-01 1.959745E+01 0.000000E+00 0.000000E+00 4.608938E+02
 6.315000E-01 5.750623E-01 1.959745E+01 0.000000E+00 0.000000E+00 4.608938E+02
 6.325000E-01 5.750623E-01 1.959745E+01 0.000000E+00 0.000000E+00 4.608938E+02
 6.335000E-01 5.750623E-01 1.959745E+01 0.000000E+00 0.000000E+00 4.608938E+02
 6.345000E-01 5.750623E-01 1.959745E+01 0.000000E+00 0.000000E+00 4.608938E+02
 6.355000E-01 5.750623E-01 1.959745E+01 0.000000E+00 0.000000E+00 4.608938E+02
 6.365000E-01 5.750623E-01 1.959745E+01 0.000000E+00 0.000000E+00 4.608938E+02
 6.375000E-01 5.750623E-01 1.959745E+01 0.000000E+00 0.000000E+00 4.608938E+02
 6.385000E-01 5.750623E-01 1.959745E+01 0.000000E+00 0.000000E+00 4.608938E+02
 6.395000E-01 5.750623E-01 1.959745E+01 0.000000E+00 0.000000E+00 4.608938E+02
 6.405000E-01 5.750623E-01 1.959745E+01 0.000000E+00 0.000000E+00 4.608938E+02
 6.415000E-01 5.750623E-01 1.959745E+01 0.000000E+00 0.000000E+00 4.608938E+02
 6.425000E-01 5.750623E-01 1.959745E+01 0.000000E+00 0.000000E+00 4.608938E+02
 6.435000E-01 5.750623E-01 1.959745E+01 0.000000E+00 0.000000E+00 4.608938E+02
 6.445000E-01 5.750623E-01 1.959745E+01 0.000000E+00 0.000000E+00 4.608938E+02
 6.455000E-01 5.750623E-01 1.959745E+01 0.000000E+00 0.000000E+00 4.608938E+02
 6.465000E-01 5.750623E-01 1.959745E+01 0.000000E+00 0.000000E+00 4.608938E+02
 6.475000E-01 5.750623E-01 1.959745E+01 0.000000E+00 0.000000E+00 4.608938E+02
 6.485000E-01 5.750623E-01 1.959745E+01 0.000000E+00 0.000000E+00 4.608938E+02
 6.495000E-01 5.750623E-01 1.959745E+01 0.000000E+00 0.000000E+00 4.608938E+02
 6.505000E-01 5.750623E-01 1.959745E+01 0.000000E+00 0.000000E+00 4.608938E+02
 6.515000E-01 5.750623E-01 1.959745E+01 0.000000E+00 0.000000E+00 4.608938E+02
 6.525000E-01 5.750623E-01 1.959745E+01 0.000000E+00 0.000000E+00 4.608938E+02
 6.535000E-01 5.750623E-01 1.959745E+01 0.000000E+00 0.000000E+00 4.608938E+02
 6.545000E-01 5.750623E-01 1.959745E+01 0.000000E+00 0.000000E+00 4.608938E+02
 6.555000E-01 5.750623E-01 1.959745E+01 0.000000E+00 0.000000E+00 4.608938E+02
 6.565000E-01 5.750623E-01 1.959745E+01 0.000000E+00 0.000000E+00 4.608938E+02
 6.575000E-01 5.750623E-01 1.959745E+01 0.000000E+00 0.000000E+00 4.608938E+02
 6.585000E-01 5.750623E-01 1.959745E+01 0.000000E+00 0.000000E+00 4.608938E+02
 6.595000E-01 5.750623E-01 1.959745E+01 0.000000E+00 0.000000E+00 4.608938E+02
 6.605000E-01 5.750623E-01 1.959745E+01 0.000000E+00 0.000000E+00 4.608938E+02
 6.615000E-01 5.750623E-01 1.959745E+01 0.000000E+00 0.000000E+00 4.608938E+02
 6.625000E-01 5.750623E-01 1.959745E+01 0.000000E+00 0.000000E+00 4.608938E+02
 6.635000E-01 5.750623E-01 1.959745E+01 0.000000E+00 0.000000E+00 4.608938E+02
 6.645000E-01 5.750623E-01 1.959745E+01 0.000000E+00 0.000000E+00 4.608938E+02
 6.655000E-01 5.750623E-01 1.959745E+01 0.000000E+00 0.000000E+00 4.608938E+02
 6.665000E-01 5.750623E-01 1.959745E+01 0.000000E+00 0.000000E+00 4.608938E+02
 6.675000E-01 5.750623E-01 1.959745E+01 0.000000E+00 0.000000E+00 4.608938E+02
 6.685000E-01 5.750623E-01 1.959745E+01 0.000000E+00 0.000000E+00 4.608938E+02
 6.695000E-01 5.750623E-01 1.959745E+01 0.000000E+00 0.000000E+00 4.608938E+02
 6.705000E-01 5.750623E-01 1.959745E+01 0.000000E+00 0.000000E+00 4.608938E+02
 6.715000E-01 5.750623E-01 1.959745E+01 0.000000E+00 0.000000E+00 4.608938E+02
 6.725000E-01 5.750623E-01 1.959745E+01 0.000000E+00 0.000000E+00 4.608938E+02
 6.735000E-01 5.750623E-01 1.959745E+01 0.000000E+00 0.000000E+00 4.608938E+02
 6.745000E-01 5.750623E-01 1.959745E+01 0.000000E+00 0.000000E+00 4.608938E+02
 6.755000E-01 5.750623E-01 1.959745E+01 0.000000E+00 0.000000E+00 4.608938E+02
 6.765000E-01 5.750623E-01 1.959745E+01 0.000000E+00 0.000000E+00 4.608938E+02
 6.775000E-01 5.750623E-01 1.959745E+01 0.000000E+00 0.000000E+00 4.608938E+02
 6.785000E-01 5.750623E-01 1.959745E+01 0.000000E+00 0.000000E+00 4.608938E+02
 6.795000E-01 5.750623E-01 1.959745E+01 0.000000E+00 0.000000E+00 4.608938E+02
 6.805000E-01 5.750623E-01 1.959745E+01 0.000000E+00 0.000000E+00 4.608938E+02
 6.815000E-01 5.750623E-01 1.959745E+01 0.000000E+00 0.000000E+00 4.608938E+02
 6.825000E-01 5.750623E-01 1.959745E+01 0.000000E+00 0.000000E+00 4.608938E+02
 6.835000E-01 5.750623E-01 1.959745E+01 0.000000E+00 0.000000E+00 4.608938E+02
 6.845000E-01 5.750623E-01 1.959745E+01 0.000000E+00 0.000000E+00 4.608938E+02
 6.855000E-01 5.750623E-01 1.959745E+01 0.000000E+00 0.000000E+00 4.608938E+02
 6.865000E-01 5.750623E-01 1.959745E+01 0.000000E+00 0.000000E+00 4.608938E+02
 6.875000E-01 5.750623E-01 1.959745E+01 0.000000E+00 0.000000E+00 4.608938E+02
 6.885000E-01 5.750623E-01 1.959745E+01 0.000000E+00 0.000000E+00 4.608938E+02
 6.895000E-01 5.750623E-01 1.959745E+01 0.000000E+00 0.000000E+00 4.608938E+02
 6.905000E-01 5.750623E-01 1.959745E+01 0.000000E+00 0.000000E+00 4.608938E+02
 6.915000E-01 5.750623E-01 1.959745E+01 0.000000E+00 0.000000E+00 4.608938E+02
 6.925000E-01 5.750623E-01 1.959745E+01 0.000000E+00 0.000000E+00 4.608938E+02
 6.935000E-01 5.750623E-01 1.959745E+01 0.000000E+00 0.000000E+00 4.608938E+02
 6.945000E-01 5.750623E-01 1.959745E+01 0.000000E+00 0.000000E+00 4.608938E+02
 6.955000E-01 5.750623E-01 1.959745E+01 0.000000E+00 0.000000E+00 4.608938E+02
 6.965000E-01 5.750623E-01 1.959745E+01 0.000000E+00 0.000000E+00 4.608938E+02
 6.975000E-01 5.750623E-01 1.959745E+01 0.000000E+00 0.000000E+00 4.608938E+02
 6.985000E-01 5.750623E-01 1.959745E+01 0.000000E+00 0.000000E+00 4.608938E+02
 6.995000E-01 5.750623E-01 1.959745E+01 0.000000E+00 0.000000E+00 4.608938E+02
 7.005000E-01 5.750623E-01 1.959745E+01 0.000000E+00 0.000000E+00 4.608938E+02
 7.015000E-01 5.750623E-01 1.959745E+01 0.000000E+00 0.000000E+00 4.608938E+02
 7.025000E-01 5.750623E-01 1.959745E+01 0.000000E+00 0.000000E+00 4.608938E+02
 7.035000E-01 5.750623E-01 1.959745E+01 0.000000E+00 0.000000E+00 4.608938E+02
 7.045000E-01 5.750623E-01 1.959745E+01 0.000000E+00 0.000000E+00 4.608938E+02
 7.055000E-01 5.750623E-01 1.959745E+01 0.000000E+00 0.000000E+00 4.608938E+02
 7.065000E-01 5.750623E-01 1.959745E+01 0.000000E+00 0.000000E+00 4.608938E+02
 7.075000E-01 5.750623E-01 1.959745E+01 0.000000E+00 0.000000E+00 4.608938E+02
 7.085000E-01 5.750623E-01 1.959745E+01 0.000000E+00 0.000000E+00 4.608938E+02
 7.095000E-01 5.750623E-01 1.959745E+01 0.000000E+00 0.000000E+00 4.608938E+02
 7.105000E-01 5.750623E-01 1.959745E+01 0.000000E+00 0.000000E+00 4.608938E+02
 7.115000E-01 5.750623E-01 1.959745E+01 0.000000E+00 0.000000E+00 4.608938E+02
 7.125000E-01 5.750623E-01 1.959745E+01 0.000000E+00 0.000000E+00 4.608938E+02
 7.135000E-01 5.750623E-01 1.959745E+01 0.000000E+00 0.000000E+00 4.608938E+02
 7.145000E-01 5.750623E-01 1.959745E+01 0.000000E+00 0.000000E+00 4.608938E+02
 7.155000E-01 5.750623E-01 1.959745E+01 0.000000E+00 0.000000E+00 4.608938E+02
 7.165000E-01 5.750623E-01 1.959745E+01 0.000000E+00 0.000000E+00 4.608938E+02
 7.175000E-01 5.750623E-01 1.959745E+01 0.000000E+00 0.000000E+00 4.608938E+02
 7.185000E-01 5.750623E-01 1.959745E+01 0.000000E+00 0.000000E+00 4.608938E+02
 7.195000E-01 5.750623E-01 1.959745E+01 0.000000E+00 0.000000E+00 4.608938E+02
 7.205000E-01 5.750623E-01 1.959745E+01 0.000000E+00 0.000000E+00 4.608938E+02
 7.215000E-01 5.750623E-01 1.959745E+01 0.000000E+00 0.000000E+00 4.608938E+02
 7.225000E-01 5.750623E-01 1.959745E+01 0.000000E+00 0.000000E+00 4.608938E+02
 7.235000E-01 5.750623E-01 1.959745E+01 0.000000E+00 0.000000E+00 4.608938E+02
 7.245000E-01 5.750623E-01 1.959745E+01 0.000000E+00 0.000000E+00 4.608938E+02
 7.255000E-01 5.750623E-01 1.959745E+01 0.000000E+00 0.000000E+00 4.608938E+02
 7.265000E-01 5.750623E-01 1.959745E+01 0.000000E+00 0.000000E+00 4.608938E+02
 7.275000E-01 5.750623E-01 1.959745E+01 0.000000E+00 0.000000E+00 4.608938E+02
 7.285000E-01 5.750623E-01 1.959745E+01 0.000000E+00 0.000000E+00 4.608938E+02
 7.295000E-01 5.750623E-01 1.959745E+01 0.000000E+00 0.000000E+00 4.608938E+02
 7.305000E-01 5.750623E-01 1.959745E+01 0.000000E+00 0.000000E+00 4.608938E+02
 7.315000E-01 5.750623E-01 1.959745E+01 0.000000E+00 0.000000E+00 4.608938E+02
 7.325000E-01 5.750623E-01 1.959745E+01 0.000000E+00 0.000000E+00 4.608938E+02
 7.335000E-01 5.750623E-01 1.959745E+01 0.000000E+00 0.000000E+00 4.608938E+02
 7.345000E-01 5.750623E-01 1.959745E+01 0.000000E+00 0.000000E+00 4.608938E+02
 7.355000E-01 5.999241E+00 1.959745E+01 0.000000E+00 0.000000E+00 4.608938E+02
 7.365000E-01 5.999241E+00 1.959745E+01 0.000000E+00 0.000000E+00 4.608938E+02
 7.375000E-01 5.999241E+00 1.959745E+01 0.000000E+00 0.000000E+00 4.608938E+02
 7.385000E-01 5.999241E+00 1.959745E+01 0.000000E+00 0.000000E+00 4.608938E+02
 7.395000E-01 5.999241E+00 1.959745E+01 0.000000E+00 0.000000E+00 4.608938E+02
 7.405000E-01 5.999241E+00 1.959745E+01 0.000000E+00 0.000000E+00 4.608938E+02
 7.415000E-01 5.999241E+00 1.959745E+01 0.000000E+00 0.000000E+00 4.608938E+02
 7.425000E-01 5.999241E+00 1.959745E+01 0.000000E+00 0.000000E+00 4.608938E+02
 7.435000E-01 5.999241E+00 1.959745E+01 0.000000E+00 0.000000E+00 4.608938E+02
 7.445000E-01 5.999241E+00 1.959745E+01 0.000000E+00 0.000000E+00 4.608938E+02
 7.455000E-01 5.999241E+00 1.959745E+01 0.000000E+00 0.000000E+00 4.608938E+02
 7.465000E-01 5.999241E+00 1.959745E+01 0.000000E+00 0.000000E+00 4.608938E+02
 7.475000E-01 5.999241E+00 1.959745E+01 0.000000E+00 0.000000E+00 4.608938E+02
 7.485000E-01 5.999241E+00 1.959745E+01 0.000000E+00 0.000000E+00 4.608938E+02
 7.495000E-01 5.999241E+00 1.959745E+01 0.000000E+00 0.000000E+00 4.608938E+02
 7.505000E-01 5.999241E+00 1.959745E+01 0.000000E+00 0.000000E+00 4.608938E+02
 7.515000E-01 5.999241E+00 1.959745E+01 0.000000E+00 0.000000E+00 4.608938E+02
 7.525000E-01 5.999241E+00 1.959745E+01 0.000000E+00 0.000000E+00 4.608938E+02
 7.535000E-01 5.999241E+00 1.959745E+01 0.000000E+00 0.000000E+00 4.608938E+02
 7.545000E-01 5.999241E+00 1.959745E+01 0.000000E+00 0.000000E+00 4.608938E+02
 7.555000E-01 5.999241E+00 1.959745E+01 0.000000E+00 0.000000E+00 4.608938E+02
 7.565000E-01 5.999241E+00 1.959745E+01 0.000000E+00 0.000000E+00 4.608938E+02
 7.575000E-01 5.999241E+00 1.959745E+01 0.000000E+00 0.000000E+00 4.608938E+02
 7.585000E-01 5.999241E+00 1.959745E+01 0.000000E+00 0.000000E+00 4.608938E+02
 7.595000E-01 5.999241E+00 1.959745E+01 0.000000E+00 0.000000E+00 4.608938E+02
 7.605000E-01 5.999241E+00 1.959745E+01 0.000000E+00 0.000000E+00 4.608938E+02
 7.615000E-01 5.999241E+00 1.959745E+01 0.000000E+00 0.000000E+00 4.608938E+02
 7.625000E-01 5.999241E+00 1.959745E+01 0.000000E+00 0.000000E+00 4.608938E+02
 7.635000E-01 5.999241E+00 1.959745E+01 0.000000E+00 0.000000E+00 4.608938E+02
 7.645000E-01 5.999241E+00 1.959745E+01 0.000000E+00 0.000000E+00 4.608938E+02
 7.655000E-01 5.999241E+00 1.959745E+01 0.000000E+00 0.000000E+00 4.608938E+02
 7.665000E-01 5.999241E+00 1.959745E+01 0.000000E+00 0.000000E+00 4.608938E+02
 7.675000E-01 5.999241E+00 1.959745E+01 0.000000E+00 0.000000E+00 4.608938E+02
 7.685000E-01 5.999241E+00 1.959745E+01 0.000000E+00 0.000000E+00 4.608938E+02
 7.695000E-01 5.999241E+00 1.959745E+01 0.000000E+00 0.000000E+00 4.608938E+02
 7.705000E-01 5.999241E+00 1.959745E+01 0.000000E+00 0.000000E+00 4.608938E+02
 7.715000E-01 5.999241E+00 1.959745E+01 0.000000E+00 0.000000E+00 4.608938E+02
 7.725000E-01 5.999241E+00 1.959745E+01 0.000000E+00 0.000000E+00 4.608938E+02
 7.735000E-01 5.999241E+00 1.959745E+01 0.000000E+00 0.000000E+00 4.608938E+02
 7.745000E-01 5.999241E+00 1.959745E+01 0.000000E+00 0.000000E+00 4.608938E+02
 7.755000E-01 5.999241E+00 1.959745E+01 0.000000E+00 0.000000E+00 4.608938E+02
 7.765000E-01 5.999241E+00 1.959745E+01 0.000000E+00 0.000000E+00 4.608938E+02
 7.775000E-01 5.999241E+00 1.959745E+01 0.000000E+00 0.000000E+00 4.608938E+02
 7.785000E-01 5.999241E+00 1.959745E+01 0.000000E+00 0.000000E+00 4.608938E+02
 7.795000E-01 5.999241E+00 1.959745E+01 0.000000E+00 0.000000E+00 4.608938E+02
 7.805000E-01 5.999241E+00 1.959745E+01 0.000000E+00 0.000000E+00 4.608938E+02
 7.815000E-01 5.999241E+00 1.959745E+01 0.000000E+00 0.000000E+00 4.608938E+02
 7.825000E-01 1.000000E+00 0.000000E+00 0.000000E+00 0.000000E+00 1.000000E-02
 7.835000E-01 1.000000E+00 0.000000E+00 0.000000E+00 0.000000E+00 1.000000E-02
 7.845000E-01 1.000000E+00 0.000000E+00 0.000000E+00 0.000000E+00 1.000000E-02
 7.855000E-01 1.000000E+00 0.000000E+00 0.000000E+00 0.000000E+00 1.000000E-02
 7.865000E-01 1.000000E+00 0.000000E+00 0.000000E+00 0.000000E+00 1.000000E-02
 7.875000E-01 1.000000E+00 0.000000E+00 0.000000E+00 0.000000E+00 1.000000E-02
 7.885000E-01 1.000000E+00 0.000000E+00 0.000000E+00 0.000000E+00 1.000000E-02
 7.895000E-01 1.000000E+00 0.000000E+00 0.000000E+00 0.000000E+00 1.000000E-02
 7.905000E-01 1.000000E+00 0.000000E+00 0.000000E+00 0.000000E+00 1.000000E-02
 7.915000E-01 1.000000E+00 0.000000E+00 0.000000E+00 0.000000E+00 1.000000E-02
 7.925000E-01 1.000000E+00 0.000000E+00 0.000000E+00 0.000000E+00 1.000000E-02
 7.935000E-01 1.000000E+00 0.000000E+00 0.000000E+00 0.000000E+00 1.000000E-02
 7.945000E-01 1.000000E+00 0.000000E+00 0.000000E+00 0.000000E+00 1.000000E-02
 7.955000E-01 1.000000E+00 0.000000E+00 0.000000E+00 0.000000E+00 1.000000E-02
 7.965000E-01 1.000000E+00 0.000000E+00 0.000000E+00 0.000000E+00 1.000000E-02
 7.975000E-01 1.000000E+00 0.000000E+00 0.000000E+00 0.000000E+00 1.000000E-02
 7.985000E-01 1.000000E+00 0.000000E+00 0.000000E+00 0.000000E+00 1.000000E-02
 7.995000E-01 1.000000E+00 0.000000E+00 0.000000E+00 0.000000E+00 1.000000E-02
 8.005000E-01 1.000000E+00 0.000000E+00 0.000000E+00 0.000000E+00 1.000000E-02
 8.015000E-01 1.000000E+00 0.000000E+00 0.000000E+00 0.000000E+00 1.000000E-02
 8.025000E-01 1.000000E+00 0.000000E+00 0.000000E+00 0.000000E+00 1.000000E-02
 8.035000E-01 1.000000E+00 0.000000E+00 0.000000E+00 0.000000E+00 1.000000E-02
 8.045000E-01 1.000000E+00 0.000000E+00 0.000000E+00 0.000000E+00 1.000000E-02
 8.055000E-01 1.000000E+00 0.000000E+00 0.000000E+00 0.000000E+00 1.000000E-02
 8.065000E-01 1.000000E+00 0.000000E+00 0.000000E+00 0.000000E+00 1.000000E-02
 8.075000E-01 1.000000E+00 0.000000E+00 0.000000E+00 0.000000E+00 1.000000E-02
 8.085000E-01 1.000000E+00 0.000000E+00 0.000000E+00 0.000000E+00 1.000000E-02
 8.095000E-01 1.000000E+00 0.000000E+00 0.000000E+00 0.000000E+00 1.000000E-02
 8.105000E-01 1.000000E+00 0.000000E+00 0.000000E+00 0.000000E+00 1.000000E-02
 8.115000E-01 1.000000E+00 0.000000E+00 0.000000E+00 0.000000E+00 1.000000E-02
 8.125000E-01 1.000000E+00 0.000000E+00 0.000000E+00 0.000000E+00 1.000000E-02
 8.135000E-01 1.000000E+00 0.000000E+00 0.000000E+00 0.000000E+00 1.000000E-02
 8.145000E-01 1.000000E+00 0.000000E+00 0.000000E+00 0.000000E+00 1.000000E-02
 8.155000E-01 1.000000E+00 0.000000E+00 0.000000E+00 0.000000E+00 1.000000E-02
 8.165000E-01 1.000000E+00 0.000000E+00 0.000000E+00 0.000000E+00 1.000000E-02
 8.175000E-01 1.000000E+00 0.000000E+00 0.000000E+00 0.000000E+00 1.000000E-02
 8.185000E-01 1.000000E+00 0.000000E+00 0.000000E+00 0.000000E+00 1.000000E-02
 8.195000E-01 1.000000E+00 0.000000E+00 0.000000E+00 0.000000E+00 1.000000E-02
 8.205000E-01 1.000000E+00 0.000000E+00 0.000000E+00 0.000000E+00 1.000000E-02
 8.215000E-01 1.000000E+00 0.000000E+00 0.000000E+00 0.000000E+00 1.000000E-02
 8.225000E-01 1.000000E+00 0.000000E+00 0.000000E+00 0.000000E+00 1.000000E-02
 8.235000E-01 1.000000E+00 0.000000E+00 0.000000E+00 0.000000E+00 1.000000E-02
 8.245000E-01 1.000000E+00 0.000000E+00 0.000000E+00 0.000000E+00 1.000000E-02
 8.255000E-01 1.000000E+00 0.000000E+00 0.000000E+00 0.000000E+00 1.000000E-02
 8.265000E-01 1.000000E+00 0.000000E+00 0.000000E+00 0.000000E+00 1.000000E-02
 8.275000E-01 1.000000E+00 0.000000E+00 0.000000E+00 0.000000E+00 1.000000E-02
 8.285000E-01 1.000000E+00 0.000000E+00 0.000000E+00 0.000000E+00 1.000000E-02
 8.295000E-01 1.000000E+00 0.000000E+00 0.000000E+00 0.000000E+00 1.000000E-02
 8.305000E-01 1.000000E+00 0.000000E+00 0.000000E+00 0.000000E+00 1.000000E-02
 8.315000E-01 1.000000E+00 0.000000E+00 0.000000E+00 0.000000E+00 1.000000E-02
 8.325000E-01 1.000000E+00 0.000000E+00 0.000000E+00 0.000000E+00 1.000000E-02
 8.335000E-01 1.000000E+00 0.000000E+00 0.000000E+00 0.000000E+00 1.000000E-02
 8.345000E-01 1.000000E+00 0.000000E+00 0.000000E+00 0.000000E+00 1.000000E-02
 8.355000E-01 1.000000E+00 0.000000E+00 0.000000E+00 0.000000E+00 1.000000E-02
 8.365000E-01 1.000000E+00 0.000000E+00 0.000000E+00 0.000000E+00 1.000000E-02
 8.375000E-01 1.000000E+00 0.000000E+00 0.000000E+00 0.000000E+00 1.000000E-02
 8.385000E-01 1.000000E+00 0.000000E+00 0.000000E+00 0.000000E+00 1.000000E-02
 8.395000E-01 1.000000E+00 0.000000E+00 0.000000E+00 0.000000E+00 1.000000E-02
 8.405000E-01 1.000000E+00 0.000000E+00 0.000000E+00 0.000000E+00 1.000000E-02
 8.415000E-01 1.000000E+00 0.000000E+00 0.000000E+00 0.000000E+00 1.000000E-02
 8.425000E-01 1.000000E+00 0.000000E+00 0.000000E+00 0.000000E+00 1.000000E-02
 8.435000E-01 1.000000E+00 0.000000E+00 0.000000E+00 0.000000E+00 1.000000E-02
 8.445000E-01 1.000000E+00 0.000000E+00 0.000000E+00 0.000000E+00 1.000000E-02
 8.455000E-01 1.000000E+00 0.000000E+00 0.000000E+00 0.000000E+00 1.000000E-02
 8.465000E-01 1.000000E+00 0.000000E+00 0.000000E+00 0.000000E+00 1.000000E-02
 8.475000E-01 1.000000E+00 0.000000E+00 0.000000E+00 0.000000E+00 1.000000E-02
 8.485000E-01 1.000000E+00 0.000000E+00 0.000000E+00 0.000000E+00 1.000000E-02
 8.495000E-01 1.000000E+00 0.000000E+00 0.000000E+00 0.000000E+00 1.000000E-02
 8.505000E-01 1.000000E+00 0.000000E+00 0.000000E+00 0.000000E+00 1.000000E-02
 8.515000E-01 1.000000E+00 0.000000E+00 0.000000E+00 0.000000E+00 1.000000E-02
 8.525000E-01 1.000000E+00 0.000000E+00 0.000000E+00 0.000000E+00 1.000000E-02
 8.535000E-01 1.000000E+00 0.000000E+00 0.000000E+00 0.000000E+00 1.000000E-02
 8.545000E-01 1.000000E+00 0.000000E+00 0.000000E+00 0.000000E+00 1.000000E-02
 8.555000E-01 1.000000E+00 0.000000E+00 0.000000E+00 0.000000E+00 1.000000E-02
 8.565000E-01 1.000000E+00 0.000000E+00 0.000000E+00 0.000000E+00 1.000000E-02
 8.575000E-01 1.000000E+00 0.000000E+00 0.000000E+00 0.000000E+00 1.000000E-02
 8.585000E-01 1.000000E+00 0.000000E+00 0.000000E+00 0.000000E+00 1.000000E-02
 8.595000E-01 1.000000E+00 0.000000E+00 0.000000E+00 0.000000E+00 1.000000E-02
 8.605000E-01 1.000000E+00 0.000000E+00 0.000000E+00 0.000000E+00 1.000000E-02
 8.615000E-01 1.000000E+00 0.000000E+00 0.000000E+00 0.000000E+00 1.000000E-02
 8.625000E-01 1.000000E+00 0.000000E+00 0.000000E+00 0.000000E+00 1.000000E-02
 8.635000E-01 1.000000E+00 0.000000E+00 0.000000E+00 0.000000E+00 1.000000E-02
 8.645000E-01 1.000000E+00 0.000000E+00 0.000000E+00 0.000000E+00 1.000000E-02
 8.655000E-01 1.000000E+00 0.000000E+00 0.000000E+00 0.000000E+00 1.000000E-02
 8.665000E-01 1.000000E+00 0.000000E+00 0.000000E+00 0.000000E+00 1.000000E-02
 8.675000E-01 1.000000E+00 0.000000E+00 0.000000E+00 0.000000E+00 1.000000E-02
 8.685000E-01 1.000000E+00 0.000000E+00 0.000000E+00 0.000000E+00 1.000000E-02
 8.695000E-01 1.000000E+00 0.000000E+00 0.000000E+00 0.000000E+00 1.000000E-02
 8.705000E-01 1.000000E+00 0.000000E+00 0.000000E+00 0.000000E+00 1.000000E-02
 8.715000E-01 1.000000E+00 0.000000E+00 0.000000E+00 0.000000E+00 1.000000E-02
 8.725000E-01 1.000000E+00 0.000000E+00 0.000000E+00 0.000000E+00 1.000000E-02
 8.735000E-01 1.000000E+00 0.000000E+00 0.000000E+00 0.000000E+00 1.000000E-02
 8.745000E-01 1.000000E+00 0.000000E+00 0.000000E+00 0.000000E+00 1.000000E-02
 8.755000E-01 1.000000E+00 0.000000E+00 0.000000E+00 0.000000E+00 1.000000E-02
 8.765000E-01 1.000000E+00 0.000000E+00 0.000000E+00 0.000000E+00 1.000000E-02
 8.775000E-01 1.000000E+00 0.000000E+00 0.000000E+00 0.000000E+00 1.000000E-02
 8.785000E-01 1.000000E+00 0.000000E+00 0.000000E+00 0.000000E+00 1.000000E-02
 8.795000E-01 1.000000E+00 0.000000E+00 0.000000E+00 0.000000E+00 1.000000E-02
 8.805000E-01 1.000000E+00 0.000000E+00 0.000000E+00 0.000000E+00 1.000000E-02
 8.815000E-01 1.000000E+00 0.000000E+00 0.000000E+00 0.000000E+00 1.000000E-02
 8.825000E-01 1.000000E+00 0.000000E+00 0.000000E+00 0.000000E+00 1.000000E-02
 8.835000E-01 1.000000E+00 0.000000E+00 0.000000E+00 0.000000E+00 1.000000E-02
 8.845000E-01 1.000000E+00 0.000000E+00 0.000000E+00 0.000000E+00 1.000000E-02
 8.855000E-01 1.000000E+00 0.000000E+00 0.000000E+00 0.000000E+00 1.000000E-02
 8.865000E-01 1.000000E+00 0.000000E+00 0.000000E+00 0.000000E+00 1.000000E-02
 8.875000E-01 1.000000E+00 0.000000E+00 0.000000E+00 0.000000E+00 1.000000E-02
 8.885000E-01 1.000000E+00 0.000000E+00 0.000000E+00 0.000000E+00 1.000000E-02
 8.895000E-01 1.000000E+00 0.000000E+00 0.000000E+00 0.000000E+00 1.000000E-02
 8.905000E-01 1.000000E+00 0.000000E+00 0.000000E+00 0.000000E+00 1.000000E-02
 8.915000E-01 1.000000E+00 0.000000E+00 0.000000E+00 0.000000E+00 1.000000E-02
 8.925000E-01 1.000000E+00 0.000000E+00 0.000000E+00 0.000000E+00 1.000000E-02
 8.935000E-01 1.000000E+00 0.000000E+00 0.000000E+00 0.000000E+00 1.000000E-02
 8.945000E-01 1.000000E+00 0.000000E+00 0.000000E+00 0.000000E+00 1.000000E-02
 8.955000E-01 1.000000E+00 0.000000E+00 0.000000E+00 0.000000E+00 1.000000E-02
 8.965000E-01 1.000000E+00 0.000000E+00 0.000000E+00 0.000000E+00 1.000000E-02
 8.975000E-01 1.000000E+00 0.000000E+00 0.000000E+00 0.000000E+00 1.000000E-02
 8.985000E-01 1.000000E+00 0.000000E+00 0.000000E+00 0.000000E+00 1.000000E-02
 8.995000E-01 1.000000E+00 0.000000E+00 0.000000E+00 0.000000E+00 1.000000E-02
 9.005000E-01 1.000000E+00 0.000000E+00 0.000000E+00 0.000000E+00 1.000000E-02
 9.015000E-01 1.000000E+00 0.000000E+00 0.000000E+00 0.000000E+00 1.000000E-02
 9.025000E-01 1.000000E+00 0.000000E+00 0.000000E+00 0.000000E+00 1.000000E-02
 9.035000E-01 1.000000E+00 0.000000E+00 0.000000E+00 0.000000E+00 1.000000E-02
 9.045000E-01 1.000000E+00 0.000000E+00 0.000000E+00 0.000000E+00 1.000000E-02
 9.055000E-01 1.000000E+00 0.000000E+00 0.000000E+00 0.000000E+00 1.000000E-02
 9.065000E-01 1.000000E+00 0.000000E+00 0.000000E+00 0.000000E+00 1.000000E-02
 9.075000E-01 1.000000E+00 0.000000E+00 0.000000E+00 0.000000E+00 1.000000E-02
 9.085000E-01 1.000000E+00 0.000000E+00 0.000000E+00 0.000000E+00 1.000000E-02
 9.095000E-01 1.000000E+00 0.000000E+00 0.000000E+00 0.000000E+00 1.000000E-02
 9.105000E-01 1.000000E+00 0.000000E+00 0.000000E+00 0.000000E+00 1.000000E-02
 9.115000E-01 1.000000E+00 0.000000E+00 0.000000E+00 0.000000E+00 1.000000E-02
 9.125000E-01 1.000000E+00 0.000000E+00 0.000000E+00 0.000000E+00 1.000000E-02
 9.135000E-01 1.000000E+00 0.000000E+00 0.000000E+00 0.000000E+00 1.000000E-02
 9.145000E-01 1.000000E+00 0.000000E+00 0.000000E+00 0.000000E+00 1.000000E-02
 9.155000E-01 1.000000E+00 0.000000E+00 0.000000E+00 0.000000E+00 1.000000E-02
 9.165000E-01 1.000000E+00 0.000000E+00 0.000000E+00 0.000000E+00 1.000000E-02
 9.175000E-01 1.000000E+00 0.000000E+00 0.000000E+00 0.000000E+00 1.000000E-02
 9.185000E-01 1.000000E+00 0.000000E+00 0.000000E+00 0.000000E+00 1.000000E-02
 9.195000E-01 1.000000E+00 0.000000E+00 0.000000E+00 0.000000E+00 1.000000E-02
 9.205000E-01 1.000000E+00 0.000000E+00 0.000000E+00 0.000000E+00 1.000000E-02
 9.215000E-01 1.000000E+00 0.000000E+00 0.000000E+00 0.000000E+00 1.000000E-02
 9.225000E-01 1.000000E+00 0.000000E+00 0.000000E+00 0.000000E+00 1.000000E-02
 9.235000E-01 1.000000E+00 0.000000E+00 0.000000E+00 0.000000E+00 1.000000E-02
 9.245000E-01 1.000000E+00 0.000000E+00 0.000000E+00 0.000000E+00 1.000000E-02
 9.255000E-01 1.000000E+00 0.000000E+00 0.000000E+00 0.000000E+00 1.000000E-02
 9.265000E-01 1.000000E+00 0.000000E+00 0.000000E+00 0.000000E+00 1.000000E-02
 9.275000E-01 1.000000E+00 0.000000E+00 0.000000E+00 0.000000E+00 1.000000E-02
 9.285000E-01 1.000000E+00 0.000000E+00 0.000000E+00 0.000000E+00 1.000000E-02
 9.295000E-01 1.000000E+00 0.000000E+00 0.000000E+00 0.000000E+00 1.000000E-02
 9.305000E-01 1.000000E+00 0.000000E+00 0.000000E+00 0.000000E+00 1.000000E-02
 9.315000E-01 1.000000E+00 0.000000E+00 0.000000E+00 0.000000E+00 1.000000E-02
 9.325000E-01 1.000000E+00 0.000000E+00 0.000000E+00 0.000000E+00 1.000000E-02
 9.335000E-01 1.000000E+00 0.000000E+00 0.000000E+00 0.000000E+00 1.000000E-02
 9.345000E-01 1.000000E+00 0.000000E+00 0.000000E+00 0.000000E+00 1.000000E-02
 9.355000E-01 1.000000E+00 0.000000E+00 0.000000E+00 0.000000E+00 1.000000E-02
 9.365000E-01 1.000000E+00 0.000000E+00 0.000000E+00 0.000000E+00 1.000000E-02
 9.375000E-01 1.000000E+00 0.000000E+00 0.000000E+00 0.000000E+00 1.000000E-02
 9.385000E-01 1.000000E+00 0.000000E+00 0.000000E+00 0.000000E+00 1.000000E-02
 9.395000E-01 1.000000E+00 0.000000E+00 0.000000E+00 0.000000E+00 1.000000E-02
 9.405000E-01 1.000000E+00 0.000000E+00 0.000000E+00 0.000000E+00 1.000000E-02
 9.415000E-01 1.000000E+00 0.000000E+00 0.000000E+00 0.000000E+00 1.000000E-02
 9.425000E-01 1.000000E+00 0.000000E+00 0.000000E+00 0.000000E+00 1.000000E-02
 9.435000E-01 1.000000E+00 0.000000E+00 0.000000E+00 0.000000E+00 1.000000E-02
 9.445000E-01 1.000000E+00 0.000000E+00 0.000000E+00 0.000000E+00 1.000000E-02
 9.455000E-01 1.000000E+00 0.000000E+00 0.000000E+00 0.000000E+00 1.000000E-02
 9.465000E-01 1.000000E+00 0.000000E+00 0.000000E+00 0.000000E+00 1.000000E-02
 9.475000E-01 1.000000E+00 0.000000E+00 0.000000E+00 0.000000E+00 1.000000E-02
 9.485000E-01 1.000000E+00 0.000000E+00 0.000000E+00 0.000000E+00 1.000000E-02
 9.495000E-01 1.000000E+00 0.000000E+00 0.000000E+00 0.000000E+00 1.000000E-02
 9.505000E-01 1.000000E+00 0.000000E+00 0.000000E+00 0.000000E+00 1.000000E-02
 9.515000E-01 1.000000E+00 0.000000E+00 0.000000E+00 0.000000E+00 1.000000E-02
 9.525000E-01 1.000000E+00 0.000000E+00 0.000000E+00 0.000000E+00 1.000000E-02
 9.535000E-01 1.000000E+00 0.000000E+00 0.000000E+00 0.000000E+00 1.000000E-02
 9.545000E-01 1.000000E+00 0.000000E+00 0.000000E+00 0.000000E+00 1.000000E-02
 9.555000E-01 1.000000E+00 0.000000E+00 0.000000E+00 0.000000E+00 1.000000E-02
 9.565000E-01 1.000000E+00 0.000000E+00 0.000000E+00 0.000000E+00 1.000000E-02
 9.575000E-01 1.000000E+00 0.000000E+00 0.000000E+00 0.000000E+00 1.000000E-02
 9.585000E-01 1.000000E+00 0.000000E+00 0.000000E+00 0.000000E+00 1.000000E-02
 9.595000E-01 1.000000E+00 0.000000E+00 0.000000E+00 0.000000E+00 1.000000E-02
 9.605000E-01 1.000000E+00 0.000000E+00 0.000000E+00 0.000000E+00 1.000000E-02
 9.615000E-01 1.000000E+00 0.000000E+00 0.000000E+00 0.000000E+00 1.000000E-02
 9.625000E-01 1.000000E+00 0.000000E+00 0.000000E+00 0.000000E+00 1.000000E-02
 9.635000E-01 1.000000E+00 0.000000E+00 0.000000E+00 0.000000E+00 1.000000E-02
 9.645000E-01 1.000000E+00 0.000000E+00 0.000000E+00 0.000000E+00 1.000000E-02
 9.655000E-01 1.000000E+00 0.000000E+00 0.000000E+00 0.000000E+00 1.000000E-02
 9.665000E-01 1.000000E+00 0.000000E+00 0.000000E+00 0.000000E+00 1.000000E-02
 9.675000E-01 1.000000E+00 0.000000E+00 0.000000E+00 0.000000E+00 1.000000E-02
 9.685000E-01 1.000000E+00 0.000000E+00 0.000000E+00 0.000000E+00 1.000000E-02
 9.695000E-01 1.000000E+00 0.000000E+00 0.000000E+00 0.000000E+00 1.000000E-02
 9.705000E-01 1.000000E+00 0.000000E+00 0.000000E+00 0.000000E+00 1.000000E-02
 9.715000E-01 1.000000E+00 0.000000E+00 0.000000E+00 0.000000E+00 1.000000E-02
 9.725000E-01 1.000000E+00 0.000000E+00 0.000000E+00 0.000000E+00 1.000000E-02
 9.735000E-01 1.000000E+00 0.000000E+00 0.000000E+00 0.000000E+00 1.000000E-02
 9.745000E-01 1.000000E+00 0.000000E+00 0.000000E+00 0.000000E+00 1.000000E-02
 9.755000E-01 1.000000E+00 0.000000E+00 0.000000E+00 0.000000E+00 1.000000E-02
 9.765000E-01 1.000000E+00 0.000000E+00 0.000000E+00 0.000000E+00 1.000000E-02
 9.775000E-01 1.000000E+00 0.000000E+00 0.000000E+00 0.000000E+00 1.000000E-02
 9.785000E-01 1.000000E+00 0.000000E+00 0.000000E+00 0.000000E+00 1.000000E-02
 9.795000E-01 1.000000E+00 0.000000E+00 0.000000E+00 0.000000E+00 1.000000E-02
 9.805000E-01 1.000000E+00 0.000000E+00 0.000000E+00 0.000000E+00 1.000000E-02
 9.815000E-01 1.000000E+00 0.000000E+00 0.000000E+00 0.000000E+00 1.000000E-02
 9.825000E-01 1.000000E+00 0.000000E+00 0.000000E+00 0.000000E+00 1.000000E-02
 9.835000E-01 1.000000E+00 0.000000E+00 0.000000E+00 0.000000E+00 1.000000E-02
 9.845000E-01 1.000000E+00 0.000000E+00 0.000000E+00 0.000000E+00 1.000000E-02
 9.855000E-01 1.000000E+00 0.000000E+00 0.000000E+00 0.000000E+00 1.000000E-02
 9.865000E-01 1.000000E+00 0.000000E+00 0.000000E+00 0.000000E+00 1.000000E-02
 9.875000E-01 1.000000E+00 0.000000E+00 0.000000E+00 0.000000E+00 1.000000E-02
 9.885000E-01 1.000000E+00 0.000000E+00 0.000000E+00 0.000000E+00 1.000000E-02
 9.895000E-01 1.000000E+00 0.000000E+00 0.000000E+00 0.000000E+00 1.000000E-02
 9.905000E-01 1.000000E+00 0.000000E+00 0.000000E+00 0.000000E+00 1.000000E-02
 9.915000E-01 1.000000E+00 0.000000E+00 0.000000E+00 0.000000E+00 1.000000E-02
 9.925000E-01 1.000000E+00 0.000000E+00 0.000000E+00 0.000000E+00 1.000000E-02
 9.935000E-01 1.000000E+00 0.000000E+00 0.000000E+00 0.000000E+00 1.000000E-02
 9.945000E-01 1.000000E+00 0.000000E+00 0.000000E+00 0.000000E+00 1.000000E-02
 9.955000E-01 1.000000E+00 0.000000E+00 0.000000E+00 0.000000E+00 1.000000E-02
 9.965000E-01 1.000000E+00 0.000000E+00 0.000000E+00 0.000000E+00 1.000000E-02
 9.975000E-01 1.000000E+00 0.000000E+00 0.000000E+00 0.000000E+00 1.000000E-02
 9.985000E-01 1.000000E+00 0.000000E+00 0.000000E+00 0.000000E+00 1.000000E-02
 9.995000E-01 1.000000E+00 0.000000E+00 0.000000E+00 0.000000E+00 1.000000E-02
