VARIABLES = "x" "Density" "u" "v" "w" "Pressure", SOLUTIONTIME=0.15
 5.000000E-04 1.000000E+00 -2.000000E+00 0.000000E+00 0.000000E+00 4.000000E-01
 1.500000E-03 1.000000E+00 -2.000000E+00 0.000000E+00 0.000000E+00 4.000000E-01
 2.500000E-03 1.000000E+00 -2.000000E+00 0.000000E+00 0.000000E+00 4.000000E-01
 3.500000E-03 1.000000E+00 -2.000000E+00 0.000000E+00 0.000000E+00 4.000000E-01
 4.500000E-03 1.000000E+00 -2.000000E+00 0.000000E+00 0.000000E+00 4.000000E-01
 5.500000E-03 1.000000E+00 -2.000000E+00 0.000000E+00 0.000000E+00 4.000000E-01
 6.500000E-03 1.000000E+00 -2.000000E+00 0.000000E+00 0.000000E+00 4.000000E-01
 7.500000E-03 1.000000E+00 -2.000000E+00 0.000000E+00 0.000000E+00 4.000000E-01
 8.500000E-03 1.000000E+00 -2.000000E+00 0.000000E+00 0.000000E+00 4.000000E-01
 9.500000E-03 1.000000E+00 -2.000000E+00 0.000000E+00 0.000000E+00 4.000000E-01
 1.050000E-02 1.000000E+00 -2.000000E+00 0.000000E+00 0.000000E+00 4.000000E-01
 1.150000E-02 1.000000E+00 -2.000000E+00 0.000000E+00 0.000000E+00 4.000000E-01
 1.250000E-02 1.000000E+00 -2.000000E+00 0.000000E+00 0.000000E+00 4.000000E-01
 1.350000E-02 1.000000E+00 -2.000000E+00 0.000000E+00 0.000000E+00 4.000000E-01
 1.450000E-02 1.000000E+00 -2.000000E+00 0.000000E+00 0.000000E+00 4.000000E-01
 1.550000E-02 1.000000E+00 -2.000000E+00 0.000000E+00 0.000000E+00 4.000000E-01
 1.650000E-02 1.000000E+00 -2.000000E+00 0.000000E+00 0.000000E+00 4.000000E-01
 1.750000E-02 1.000000E+00 -2.000000E+00 0.000000E+00 0.000000E+00 4.000000E-01
 1.850000E-02 1.000000E+00 -2.000000E+00 0.000000E+00 0.000000E+00 4.000000E-01
 1.950000E-02 1.000000E+00 -2.000000E+00 0.000000E+00 0.000000E+00 4.000000E-01
 2.050000E-02 1.000000E+00 -2.000000E+00 0.000000E+00 0.000000E+00 4.000000E-01
 2.150000E-02 1.000000E+00 -2.000000E+00 0.000000E+00 0.000000E+00 4.000000E-01
 2.250000E-02 1.000000E+00 -2.000000E+00 0.000000E+00 0.000000E+00 4.000000E-01
 2.350000E-02 1.000000E+00 -2.000000E+00 0.000000E+00 0.000000E+00 4.000000E-01
 2.450000E-02 1.000000E+00 -2.000000E+00 0.000000E+00 0.000000E+00 4.000000E-01
 2.550000E-02 1.000000E+00 -2.000000E+00 0.000000E+00 0.000000E+00 4.000000E-01
 2.650000E-02 1.000000E+00 -2.000000E+00 0.000000E+00 0.000000E+00 4.000000E-01
 2.750000E-02 1.000000E+00 -2.000000E+00 0.000000E+00 0.000000E+00 4.000000E-01
 2.850000E-02 1.000000E+00 -2.000000E+00 0.000000E+00 0.000000E+00 4.000000E-01
 2.950000E-02 1.000000E+00 -2.000000E+00 0.000000E+00 0.000000E+00 4.000000E-01
 3.050000E-02 1.000000E+00 -2.000000E+00 0.000000E+00 0.000000E+00 4.000000E-01
 3.150000E-02 1.000000E+00 -2.000000E+00 0.000000E+00 0.000000E+00 4.000000E-01
 3.250000E-02 1.000000E+00 -2.000000E+00 0.000000E+00 0.000000E+00 4.000000E-01
 3.350000E-02 1.000000E+00 -2.000000E+00 0.000000E+00 0.000000E+00 4.000000E-01
 3.450000E-02 1.000000E+00 -2.000000E+00 0.000000E+00 0.000000E+00 4.000000E-01
 3.550000E-02 1.000000E+00 -2.000000E+00 0.000000E+00 0.000000E+00 4.000000E-01
 3.650000E-02 1.000000E+00 -2.000000E+00 0.000000E+00 0.000000E+00 4.000000E-01
 3.750000E-02 1.000000E+00 -2.000000E+00 0.000000E+00 0.000000E+00 4.000000E-01
 3.850000E-02 1.000000E+00 -2.000000E+00 0.000000E+00 0.000000E+00 4.000000E-01
 3.950000E-02 1.000000E+00 -2.000000E+00 0.000000E+00 0.000000E+00 4.000000E-01
 4.050000E-02 1.000000E+00 -2.000000E+00 0.000000E+00 0.000000E+00 4.000000E-01
 4.150000E-02 1.000000E+00 -2.000000E+00 0.000000E+00 0.000000E+00 4.000000E-01
 4.250000E-02 1.000000E+00 -2.000000E+00 0.000000E+00 0.000000E+00 4.000000E-01
 4.350000E-02 1.000000E+00 -2.000000E+00 0.000000E+00 0.000000E+00 4.000000E-01
 4.450000E-02 1.000000E+00 -2.000000E+00 0.000000E+00 0.000000E+00 4.000000E-01
 4.550000E-02 1.000000E+00 -2.000000E+00 0.000000E+00 0.000000E+00 4.000000E-01
 4.650000E-02 1.000000E+00 -2.000000E+00 0.000000E+00 0.000000E+00 4.000000E-01
 4.750000E-02 1.000000E+00 -2.000000E+00 0.000000E+00 0.000000E+00 4.000000E-01
 4.850000E-02 1.000000E+00 -2.000000E+00 0.000000E+00 0.000000E+00 4.000000E-01
 4.950000E-02 1.000000E+00 -2.000000E+00 0.000000E+00 0.000000E+00 4.000000E-01
 5.050000E-02 1.000000E+00 -2.000000E+00 0.000000E+00 0.000000E+00 4.000000E-01
 5.150000E-02 1.000000E+00 -2.000000E+00 0.000000E+00 0.000000E+00 4.000000E-01
 5.250000E-02 1.000000E+00 -2.000000E+00 0.000000E+00 0.000000E+00 4.000000E-01
 5.350000E-02 1.000000E+00 -2.000000E+00 0.000000E+00 0.000000E+00 4.000000E-01
 5.450000E-02 1.000000E+00 -2.000000E+00 0.000000E+00 0.000000E+00 4.000000E-01
 5.550000E-02 1.000000E+00 -2.000000E+00 0.000000E+00 0.000000E+00 4.000000E-01
 5.650000E-02 1.000000E+00 -2.000000E+00 0.000000E+00 0.000000E+00 4.000000E-01
 5.750000E-02 1.000000E+00 -2.000000E+00 0.000000E+00 0.000000E+00 4.000000E-01
 5.850000E-02 1.000000E+00 -2.000000E+00 0.000000E+00 0.000000E+00 4.000000E-01
 5.950000E-02 1.000000E+00 -2.000000E+00 0.000000E+00 0.000000E+00 4.000000E-01
 6.050000E-02 1.000000E+00 -2.000000E+00 0.000000E+00 0.000000E+00 4.000000E-01
 6.150000E-02 1.000000E+00 -2.000000E+00 0.000000E+00 0.000000E+00 4.000000E-01
 6.250000E-02 1.000000E+00 -2.000000E+00 0.000000E+00 0.000000E+00 4.000000E-01
 6.350000E-02 1.000000E+00 -2.000000E+00 0.000000E+00 0.000000E+00 4.000000E-01
 6.450000E-02 1.000000E+00 -2.000000E+00 0.000000E+00 0.000000E+00 4.000000E-01
 6.550000E-02 1.000000E+00 -2.000000E+00 0.000000E+00 0.000000E+00 4.000000E-01
 6.650000E-02 1.000000E+00 -2.000000E+00 0.000000E+00 0.000000E+00 4.000000E-01
 6.750000E-02 1.000000E+00 -2.000000E+00 0.000000E+00 0.000000E+00 4.000000E-01
 6.850000E-02 1.000000E+00 -2.000000E+00 0.000000E+00 0.000000E+00 4.000000E-01
 6.950000E-02 1.000000E+00 -2.000000E+00 0.000000E+00 0.000000E+00 4.000000E-01
 7.050000E-02 1.000000E+00 -2.000000E+00 0.000000E+00 0.000000E+00 4.000000E-01
 7.150000E-02 1.000000E+00 -2.000000E+00 0.000000E+00 0.000000E+00 4.000000E-01
 7.250000E-02 1.000000E+00 -2.000000E+00 0.000000E+00 0.000000E+00 4.000000E-01
 7.350000E-02 1.000000E+00 -2.000000E+00 0.000000E+00 0.000000E+00 4.000000E-01
 7.450000E-02 1.000000E+00 -2.000000E+00 0.000000E+00 0.000000E+00 4.000000E-01
 7.550000E-02 1.000000E+00 -2.000000E+00 0.000000E+00 0.000000E+00 4.000000E-01
 7.650000E-02 1.000000E+00 -2.000000E+00 0.000000E+00 0.000000E+00 4.000000E-01
 7.750000E-02 1.000000E+00 -2.000000E+00 0.000000E+00 0.000000E+00 4.000000E-01
 7.850000E-02 1.000000E+00 -2.000000E+00 0.000000E+00 0.000000E+00 4.000000E-01
 7.950000E-02 1.000000E+00 -2.000000E+00 0.000000E+00 0.000000E+00 4.000000E-01
 8.050000E-02 1.000000E+00 -2.000000E+00 0.000000E+00 0.000000E+00 4.000000E-01
 8.150000E-02 1.000000E+00 -2.000000E+00 0.000000E+00 0.000000E+00 4.000000E-01
 8.250000E-02 1.000000E+00 -2.000000E+00 0.000000E+00 0.000000E+00 4.000000E-01
 8.350000E-02 1.000000E+00 -2.000000E+00 0.000000E+00 0.000000E+00 4.000000E-01
 8.450000E-02 1.000000E+00 -2.000000E+00 0.000000E+00 0.000000E+00 4.000000E-01
 8.550000E-02 1.000000E+00 -2.000000E+00 0.000000E+00 0.000000E+00 4.000000E-01
 8.650000E-02 1.000000E+00 -2.000000E+00 0.000000E+00 0.000000E+00 4.000000E-01
 8.750000E-02 1.000000E+00 -2.000000E+00 0.000000E+00 0.000000E+00 4.000000E-01
 8.850000E-02 9.944465E-01 -1.995835E+00 0.000000E+00 0.000000E+00 3.968935E-01
 8.950000E-02 9.870775E-01 -1.990279E+00 0.000000E+00 0.000000E+00 3.927822E-01
 9.050000E-02 9.797523E-01 -1.984724E+00 0.000000E+00 0.000000E+00 3.887074E-01
 9.150000E-02 9.724706E-01 -1.979168E+00 0.000000E+00 0.000000E+00 3.846689E-01
 9.250000E-02 9.652323E-01 -1.973613E+00 0.000000E+00 0.000000E+00 3.806664E-01
 9.350000E-02 9.580371E-01 -1.968057E+00 0.000000E+00 0.000000E+00 3.766997E-01
 9.450000E-02 9.508849E-01 -1.962502E+00 0.000000E+00 0.000000E+00 3.727685E-01
 9.550000E-02 9.437755E-01 -1.956946E+00 0.000000E+00 0.000000E+00 3.688724E-01
 9.650000E-02 9.367087E-01 -1.951390E+00 0.000000E+00 0.000000E+00 3.650114E-01
 9.750000E-02 9.296843E-01 -1.945835E+00 0.000000E+00 0.000000E+00 3.611850E-01
 9.850000E-02 9.227021E-01 -1.940279E+00 0.000000E+00 0.000000E+00 3.573931E-01
 9.950000E-02 9.157619E-01 -1.934724E+00 0.000000E+00 0.000000E+00 3.536353E-01
 1.005000E-01 9.088635E-01 -1.929168E+00 0.000000E+00 0.000000E+00 3.499114E-01
 1.015000E-01 9.020067E-01 -1.923613E+00 0.000000E+00 0.000000E+00 3.462212E-01
 1.025000E-01 8.951915E-01 -1.918057E+00 0.000000E+00 0.000000E+00 3.425645E-01
 1.035000E-01 8.884174E-01 -1.912502E+00 0.000000E+00 0.000000E+00 3.389408E-01
 1.045000E-01 8.816845E-01 -1.906946E+00 0.000000E+00 0.000000E+00 3.353501E-01
 1.055000E-01 8.749924E-01 -1.901390E+00 0.000000E+00 0.000000E+00 3.317921E-01
 1.065000E-01 8.683410E-01 -1.895835E+00 0.000000E+00 0.000000E+00 3.282664E-01
 1.075000E-01 8.617301E-01 -1.890279E+00 0.000000E+00 0.000000E+00 3.247729E-01
 1.085000E-01 8.551596E-01 -1.884724E+00 0.000000E+00 0.000000E+00 3.213113E-01
 1.095000E-01 8.486292E-01 -1.879168E+00 0.000000E+00 0.000000E+00 3.178814E-01
 1.105000E-01 8.421387E-01 -1.873613E+00 0.000000E+00 0.000000E+00 3.144829E-01
 1.115000E-01 8.356880E-01 -1.868057E+00 0.000000E+00 0.000000E+00 3.111156E-01
 1.125000E-01 8.292769E-01 -1.862502E+00 0.000000E+00 0.000000E+00 3.077793E-01
 1.135000E-01 8.229052E-01 -1.856946E+00 0.000000E+00 0.000000E+00 3.044737E-01
 1.145000E-01 8.165728E-01 -1.851390E+00 0.000000E+00 0.000000E+00 3.011985E-01
 1.155000E-01 8.102794E-01 -1.845835E+00 0.000000E+00 0.000000E+00 2.979536E-01
 1.165000E-01 8.040248E-01 -1.840279E+00 0.000000E+00 0.000000E+00 2.947387E-01
 1.175000E-01 7.978089E-01 -1.834724E+00 0.000000E+00 0.000000E+00 2.915536E-01
 1.185000E-01 7.916316E-01 -1.829168E+00 0.000000E+00 0.000000E+00 2.883981E-01
 1.195000E-01 7.854925E-01 -1.823613E+00 0.000000E+00 0.000000E+00 2.852718E-01
 1.205000E-01 7.793916E-01 -1.818057E+00 0.000000E+00 0.000000E+00 2.821747E-01
 1.215000E-01 7.733287E-01 -1.812502E+00 0.000000E+00 0.000000E+00 2.791064E-01
 1.225000E-01 7.673036E-01 -1.806946E+00 0.000000E+00 0.000000E+00 2.760668E-01
 1.235000E-01 7.613161E-01 -1.801390E+00 0.000000E+00 0.000000E+00 2.730555E-01
 1.245000E-01 7.553660E-01 -1.795835E+00 0.000000E+00 0.000000E+00 2.700725E-01
 1.255000E-01 7.494531E-01 -1.790279E+00 0.000000E+00 0.000000E+00 2.671174E-01
 1.265000E-01 7.435774E-01 -1.784724E+00 0.000000E+00 0.000000E+00 2.641902E-01
 1.275000E-01 7.377385E-01 -1.779168E+00 0.000000E+00 0.000000E+00 2.612904E-01
 1.285000E-01 7.319365E-01 -1.773613E+00 0.000000E+00 0.000000E+00 2.584180E-01
 1.295000E-01 7.261709E-01 -1.768057E+00 0.000000E+00 0.000000E+00 2.555726E-01
 1.305000E-01 7.204418E-01 -1.762502E+00 0.000000E+00 0.000000E+00 2.527542E-01
 1.315000E-01 7.147489E-01 -1.756946E+00 0.000000E+00 0.000000E+00 2.499625E-01
 1.325000E-01 7.090920E-01 -1.751390E+00 0.000000E+00 0.000000E+00 2.471972E-01
 1.335000E-01 7.034709E-01 -1.745835E+00 0.000000E+00 0.000000E+00 2.444582E-01
 1.345000E-01 6.978856E-01 -1.740279E+00 0.000000E+00 0.000000E+00 2.417453E-01
 1.355000E-01 6.923359E-01 -1.734724E+00 0.000000E+00 0.000000E+00 2.390582E-01
 1.365000E-01 6.868215E-01 -1.729168E+00 0.000000E+00 0.000000E+00 2.363967E-01
 1.375000E-01 6.813422E-01 -1.723613E+00 0.000000E+00 0.000000E+00 2.337607E-01
 1.385000E-01 6.758981E-01 -1.718057E+00 0.000000E+00 0.000000E+00 2.311499E-01
 1.395000E-01 6.704888E-01 -1.712502E+00 0.000000E+00 0.000000E+00 2.285641E-01
 1.405000E-01 6.651141E-01 -1.706946E+00 0.000000E+00 0.000000E+00 2.260032E-01
 1.415000E-01 6.597740E-01 -1.701390E+00 0.000000E+00 0.000000E+00 2.234669E-01
 1.425000E-01 6.544682E-01 -1.695835E+00 0.000000E+00 0.000000E+00 2.209551E-01
 1.435000E-01 6.491966E-01 -1.690279E+00 0.000000E+00 0.000000E+00 2.184675E-01
 1.445000E-01 6.439591E-01 -1.684724E+00 0.000000E+00 0.000000E+00 2.160039E-01
 1.455000E-01 6.387554E-01 -1.679168E+00 0.000000E+00 0.000000E+00 2.135642E-01
 1.465000E-01 6.335854E-01 -1.673613E+00 0.000000E+00 0.000000E+00 2.111481E-01
 1.475000E-01 6.284489E-01 -1.668057E+00 0.000000E+00 0.000000E+00 2.087555E-01
 1.485000E-01 6.233458E-01 -1.662502E+00 0.000000E+00 0.000000E+00 2.063862E-01
 1.495000E-01 6.182759E-01 -1.656946E+00 0.000000E+00 0.000000E+00 2.040400E-01
 1.505000E-01 6.132390E-01 -1.651390E+00 0.000000E+00 0.000000E+00 2.017166E-01
 1.515000E-01 6.082351E-01 -1.645835E+00 0.000000E+00 0.000000E+00 1.994160E-01
 1.525000E-01 6.032639E-01 -1.640279E+00 0.000000E+00 0.000000E+00 1.971379E-01
 1.535000E-01 5.983251E-01 -1.634724E+00 0.000000E+00 0.000000E+00 1.948822E-01
 1.545000E-01 5.934188E-01 -1.629168E+00 0.000000E+00 0.000000E+00 1.926486E-01
 1.555000E-01 5.885448E-01 -1.623613E+00 0.000000E+00 0.000000E+00 1.904370E-01
 1.565000E-01 5.837028E-01 -1.618057E+00 0.000000E+00 0.000000E+00 1.882472E-01
 1.575000E-01 5.788927E-01 -1.612502E+00 0.000000E+00 0.000000E+00 1.860790E-01
 1.585000E-01 5.741144E-01 -1.606946E+00 0.000000E+00 0.000000E+00 1.839322E-01
 1.595000E-01 5.693678E-01 -1.601390E+00 0.000000E+00 0.000000E+00 1.818067E-01
 1.605000E-01 5.646525E-01 -1.595835E+00 0.000000E+00 0.000000E+00 1.797023E-01
 1.615000E-01 5.599685E-01 -1.590279E+00 0.000000E+00 0.000000E+00 1.776189E-01
 1.625000E-01 5.553157E-01 -1.584724E+00 0.000000E+00 0.000000E+00 1.755561E-01
 1.635000E-01 5.506939E-01 -1.579168E+00 0.000000E+00 0.000000E+00 1.735139E-01
 1.645000E-01 5.461029E-01 -1.573613E+00 0.000000E+00 0.000000E+00 1.714921E-01
 1.655000E-01 5.415425E-01 -1.568057E+00 0.000000E+00 0.000000E+00 1.694906E-01
 1.665000E-01 5.370127E-01 -1.562502E+00 0.000000E+00 0.000000E+00 1.675091E-01
 1.675000E-01 5.325133E-01 -1.556946E+00 0.000000E+00 0.000000E+00 1.655475E-01
 1.685000E-01 5.280440E-01 -1.551390E+00 0.000000E+00 0.000000E+00 1.636056E-01
 1.695000E-01 5.236048E-01 -1.545835E+00 0.000000E+00 0.000000E+00 1.616833E-01
 1.705000E-01 5.191955E-01 -1.540279E+00 0.000000E+00 0.000000E+00 1.597803E-01
 1.715000E-01 5.148160E-01 -1.534724E+00 0.000000E+00 0.000000E+00 1.578966E-01
 1.725000E-01 5.104660E-01 -1.529168E+00 0.000000E+00 0.000000E+00 1.560320E-01
 1.735000E-01 5.061455E-01 -1.523613E+00 0.000000E+00 0.000000E+00 1.541862E-01
 1.745000E-01 5.018544E-01 -1.518057E+00 0.000000E+00 0.000000E+00 1.523592E-01
 1.755000E-01 4.975924E-01 -1.512502E+00 0.000000E+00 0.000000E+00 1.505508E-01
 1.765000E-01 4.933594E-01 -1.506946E+00 0.000000E+00 0.000000E+00 1.487609E-01
 1.775000E-01 4.891552E-01 -1.501390E+00 0.000000E+00 0.000000E+00 1.469892E-01
 1.785000E-01 4.849797E-01 -1.495835E+00 0.000000E+00 0.000000E+00 1.452356E-01
 1.795000E-01 4.808329E-01 -1.490279E+00 0.000000E+00 0.000000E+00 1.435000E-01
 1.805000E-01 4.767144E-01 -1.484724E+00 0.000000E+00 0.000000E+00 1.417821E-01
 1.815000E-01 4.726242E-01 -1.479168E+00 0.000000E+00 0.000000E+00 1.400820E-01
 1.825000E-01 4.685621E-01 -1.473613E+00 0.000000E+00 0.000000E+00 1.383993E-01
 1.835000E-01 4.645280E-01 -1.468057E+00 0.000000E+00 0.000000E+00 1.367341E-01
 1.845000E-01 4.605218E-01 -1.462502E+00 0.000000E+00 0.000000E+00 1.350860E-01
 1.855000E-01 4.565432E-01 -1.456946E+00 0.000000E+00 0.000000E+00 1.334549E-01
 1.865000E-01 4.525922E-01 -1.451390E+00 0.000000E+00 0.000000E+00 1.318408E-01
 1.875000E-01 4.486685E-01 -1.445835E+00 0.000000E+00 0.000000E+00 1.302434E-01
 1.885000E-01 4.447722E-01 -1.440279E+00 0.000000E+00 0.000000E+00 1.286627E-01
 1.895000E-01 4.409029E-01 -1.434724E+00 0.000000E+00 0.000000E+00 1.270984E-01
 1.905000E-01 4.370606E-01 -1.429168E+00 0.000000E+00 0.000000E+00 1.255505E-01
 1.915000E-01 4.332452E-01 -1.423613E+00 0.000000E+00 0.000000E+00 1.240187E-01
 1.925000E-01 4.294564E-01 -1.418057E+00 0.000000E+00 0.000000E+00 1.225030E-01
 1.935000E-01 4.256942E-01 -1.412502E+00 0.000000E+00 0.000000E+00 1.210032E-01
 1.945000E-01 4.219584E-01 -1.406946E+00 0.000000E+00 0.000000E+00 1.195192E-01
 1.955000E-01 4.182490E-01 -1.401390E+00 0.000000E+00 0.000000E+00 1.180508E-01
 1.965000E-01 4.145656E-01 -1.395835E+00 0.000000E+00 0.000000E+00 1.165978E-01
 1.975000E-01 4.109082E-01 -1.390279E+00 0.000000E+00 0.000000E+00 1.151603E-01
 1.985000E-01 4.072767E-01 -1.384724E+00 0.000000E+00 0.000000E+00 1.137379E-01
 1.995000E-01 4.036709E-01 -1.379168E+00 0.000000E+00 0.000000E+00 1.123307E-01
 2.005000E-01 4.000907E-01 -1.373613E+00 0.000000E+00 0.000000E+00 1.109384E-01
 2.015000E-01 3.965359E-01 -1.368057E+00 0.000000E+00 0.000000E+00 1.095609E-01
 2.025000E-01 3.930064E-01 -1.362502E+00 0.000000E+00 0.000000E+00 1.081981E-01
 2.035000E-01 3.895021E-01 -1.356946E+00 0.000000E+00 0.000000E+00 1.068498E-01
 2.045000E-01 3.860229E-01 -1.351390E+00 0.000000E+00 0.000000E+00 1.055160E-01
 2.055000E-01 3.825686E-01 -1.345835E+00 0.000000E+00 0.000000E+00 1.041965E-01
 2.065000E-01 3.791390E-01 -1.340279E+00 0.000000E+00 0.000000E+00 1.028911E-01
 2.075000E-01 3.757341E-01 -1.334724E+00 0.000000E+00 0.000000E+00 1.015998E-01
 2.085000E-01 3.723537E-01 -1.329168E+00 0.000000E+00 0.000000E+00 1.003224E-01
 2.095000E-01 3.689977E-01 -1.323613E+00 0.000000E+00 0.000000E+00 9.905880E-02
 2.105000E-01 3.656659E-01 -1.318057E+00 0.000000E+00 0.000000E+00 9.780886E-02
 2.115000E-01 3.623582E-01 -1.312502E+00 0.000000E+00 0.000000E+00 9.657246E-02
 2.125000E-01 3.590745E-01 -1.306946E+00 0.000000E+00 0.000000E+00 9.534948E-02
 2.135000E-01 3.558146E-01 -1.301390E+00 0.000000E+00 0.000000E+00 9.413981E-02
 2.145000E-01 3.525785E-01 -1.295835E+00 0.000000E+00 0.000000E+00 9.294331E-02
 2.155000E-01 3.493659E-01 -1.290279E+00 0.000000E+00 0.000000E+00 9.175987E-02
 2.165000E-01 3.461769E-01 -1.284724E+00 0.000000E+00 0.000000E+00 9.058937E-02
 2.175000E-01 3.430111E-01 -1.279168E+00 0.000000E+00 0.000000E+00 8.943169E-02
 2.185000E-01 3.398685E-01 -1.273613E+00 0.000000E+00 0.000000E+00 8.828671E-02
 2.195000E-01 3.367491E-01 -1.268057E+00 0.000000E+00 0.000000E+00 8.715433E-02
 2.205000E-01 3.336525E-01 -1.262502E+00 0.000000E+00 0.000000E+00 8.603441E-02
 2.215000E-01 3.305788E-01 -1.256946E+00 0.000000E+00 0.000000E+00 8.492686E-02
 2.225000E-01 3.275278E-01 -1.251390E+00 0.000000E+00 0.000000E+00 8.383154E-02
 2.235000E-01 3.244994E-01 -1.245835E+00 0.000000E+00 0.000000E+00 8.274836E-02
 2.245000E-01 3.214934E-01 -1.240279E+00 0.000000E+00 0.000000E+00 8.167720E-02
 2.255000E-01 3.185097E-01 -1.234724E+00 0.000000E+00 0.000000E+00 8.061794E-02
 2.265000E-01 3.155482E-01 -1.229168E+00 0.000000E+00 0.000000E+00 7.957048E-02
 2.275000E-01 3.126088E-01 -1.223613E+00 0.000000E+00 0.000000E+00 7.853471E-02
 2.285000E-01 3.096913E-01 -1.218057E+00 0.000000E+00 0.000000E+00 7.751051E-02
 2.295000E-01 3.067957E-01 -1.212502E+00 0.000000E+00 0.000000E+00 7.649779E-02
 2.305000E-01 3.039217E-01 -1.206946E+00 0.000000E+00 0.000000E+00 7.549642E-02
 2.315000E-01 3.010693E-01 -1.201390E+00 0.000000E+00 0.000000E+00 7.450632E-02
 2.325000E-01 2.982384E-01 -1.195835E+00 0.000000E+00 0.000000E+00 7.352737E-02
 2.335000E-01 2.954288E-01 -1.190279E+00 0.000000E+00 0.000000E+00 7.255945E-02
 2.345000E-01 2.926404E-01 -1.184724E+00 0.000000E+00 0.000000E+00 7.160249E-02
 2.355000E-01 2.898732E-01 -1.179168E+00 0.000000E+00 0.000000E+00 7.065636E-02
 2.365000E-01 2.871269E-01 -1.173613E+00 0.000000E+00 0.000000E+00 6.972097E-02
 2.375000E-01 2.844014E-01 -1.168057E+00 0.000000E+00 0.000000E+00 6.879621E-02
 2.385000E-01 2.816967E-01 -1.162502E+00 0.000000E+00 0.000000E+00 6.788199E-02
 2.395000E-01 2.790127E-01 -1.156946E+00 0.000000E+00 0.000000E+00 6.697819E-02
 2.405000E-01 2.763490E-01 -1.151390E+00 0.000000E+00 0.000000E+00 6.608474E-02
 2.415000E-01 2.737058E-01 -1.145835E+00 0.000000E+00 0.000000E+00 6.520151E-02
 2.425000E-01 2.710829E-01 -1.140279E+00 0.000000E+00 0.000000E+00 6.432843E-02
 2.435000E-01 2.684801E-01 -1.134724E+00 0.000000E+00 0.000000E+00 6.346539E-02
 2.445000E-01 2.658973E-01 -1.129168E+00 0.000000E+00 0.000000E+00 6.261228E-02
 2.455000E-01 2.633345E-01 -1.123613E+00 0.000000E+00 0.000000E+00 6.176903E-02
 2.465000E-01 2.607914E-01 -1.118057E+00 0.000000E+00 0.000000E+00 6.093553E-02
 2.475000E-01 2.582681E-01 -1.112502E+00 0.000000E+00 0.000000E+00 6.011169E-02
 2.485000E-01 2.557642E-01 -1.106946E+00 0.000000E+00 0.000000E+00 5.929742E-02
 2.495000E-01 2.532799E-01 -1.101390E+00 0.000000E+00 0.000000E+00 5.849261E-02
 2.505000E-01 2.508149E-01 -1.095835E+00 0.000000E+00 0.000000E+00 5.769719E-02
 2.515000E-01 2.483691E-01 -1.090279E+00 0.000000E+00 0.000000E+00 5.691106E-02
 2.525000E-01 2.459425E-01 -1.084724E+00 0.000000E+00 0.000000E+00 5.613413E-02
 2.535000E-01 2.435348E-01 -1.079168E+00 0.000000E+00 0.000000E+00 5.536630E-02
 2.545000E-01 2.411461E-01 -1.073613E+00 0.000000E+00 0.000000E+00 5.460750E-02
 2.555000E-01 2.387761E-01 -1.068057E+00 0.000000E+00 0.000000E+00 5.385762E-02
 2.565000E-01 2.364248E-01 -1.062502E+00 0.000000E+00 0.000000E+00 5.311660E-02
 2.575000E-01 2.340921E-01 -1.056946E+00 0.000000E+00 0.000000E+00 5.238432E-02
 2.585000E-01 2.317778E-01 -1.051390E+00 0.000000E+00 0.000000E+00 5.166072E-02
 2.595000E-01 2.294818E-01 -1.045835E+00 0.000000E+00 0.000000E+00 5.094570E-02
 2.605000E-01 2.272041E-01 -1.040279E+00 0.000000E+00 0.000000E+00 5.023919E-02
 2.615000E-01 2.249445E-01 -1.034724E+00 0.000000E+00 0.000000E+00 4.954108E-02
 2.625000E-01 2.227029E-01 -1.029168E+00 0.000000E+00 0.000000E+00 4.885131E-02
 2.635000E-01 2.204792E-01 -1.023613E+00 0.000000E+00 0.000000E+00 4.816978E-02
 2.645000E-01 2.182733E-01 -1.018057E+00 0.000000E+00 0.000000E+00 4.749643E-02
 2.655000E-01 2.160851E-01 -1.012502E+00 0.000000E+00 0.000000E+00 4.683115E-02
 2.665000E-01 2.139145E-01 -1.006946E+00 0.000000E+00 0.000000E+00 4.617388E-02
 2.675000E-01 2.117614E-01 -1.001390E+00 0.000000E+00 0.000000E+00 4.552453E-02
 2.685000E-01 2.096256E-01 -9.958349E-01 0.000000E+00 0.000000E+00 4.488303E-02
 2.695000E-01 2.075072E-01 -9.902793E-01 0.000000E+00 0.000000E+00 4.424929E-02
 2.705000E-01 2.054058E-01 -9.847237E-01 0.000000E+00 0.000000E+00 4.362324E-02
 2.715000E-01 2.033216E-01 -9.791682E-01 0.000000E+00 0.000000E+00 4.300479E-02
 2.725000E-01 2.012542E-01 -9.736127E-01 0.000000E+00 0.000000E+00 4.239387E-02
 2.735000E-01 1.992038E-01 -9.680571E-01 0.000000E+00 0.000000E+00 4.179041E-02
 2.745000E-01 1.971701E-01 -9.625015E-01 0.000000E+00 0.000000E+00 4.119432E-02
 2.755000E-01 1.951530E-01 -9.569460E-01 0.000000E+00 0.000000E+00 4.060554E-02
 2.765000E-01 1.931525E-01 -9.513904E-01 0.000000E+00 0.000000E+00 4.002399E-02
 2.775000E-01 1.911684E-01 -9.458349E-01 0.000000E+00 0.000000E+00 3.944958E-02
 2.785000E-01 1.892006E-01 -9.402793E-01 0.000000E+00 0.000000E+00 3.888226E-02
 2.795000E-01 1.872491E-01 -9.347238E-01 0.000000E+00 0.000000E+00 3.832195E-02
 2.805000E-01 1.853137E-01 -9.291682E-01 0.000000E+00 0.000000E+00 3.776857E-02
 2.815000E-01 1.833944E-01 -9.236127E-01 0.000000E+00 0.000000E+00 3.722206E-02
 2.825000E-01 1.814910E-01 -9.180571E-01 0.000000E+00 0.000000E+00 3.668234E-02
 2.835000E-01 1.796034E-01 -9.125016E-01 0.000000E+00 0.000000E+00 3.614934E-02
 2.845000E-01 1.777316E-01 -9.069460E-01 0.000000E+00 0.000000E+00 3.562299E-02
 2.855000E-01 1.758754E-01 -9.013904E-01 0.000000E+00 0.000000E+00 3.510322E-02
 2.865000E-01 1.740347E-01 -8.958349E-01 0.000000E+00 0.000000E+00 3.458997E-02
 2.875000E-01 1.722095E-01 -8.902794E-01 0.000000E+00 0.000000E+00 3.408317E-02
 2.885000E-01 1.703996E-01 -8.847238E-01 0.000000E+00 0.000000E+00 3.358274E-02
 2.895000E-01 1.686050E-01 -8.791682E-01 0.000000E+00 0.000000E+00 3.308862E-02
 2.905000E-01 1.668256E-01 -8.736126E-01 0.000000E+00 0.000000E+00 3.260075E-02
 2.915000E-01 1.650612E-01 -8.680571E-01 0.000000E+00 0.000000E+00 3.211906E-02
 2.925000E-01 1.633117E-01 -8.625016E-01 0.000000E+00 0.000000E+00 3.164348E-02
 2.935000E-01 1.615771E-01 -8.569460E-01 0.000000E+00 0.000000E+00 3.117395E-02
 2.945000E-01 1.598573E-01 -8.513904E-01 0.000000E+00 0.000000E+00 3.071040E-02
 2.955000E-01 1.581522E-01 -8.458349E-01 0.000000E+00 0.000000E+00 3.025278E-02
 2.965000E-01 1.564616E-01 -8.402793E-01 0.000000E+00 0.000000E+00 2.980101E-02
 2.975000E-01 1.547856E-01 -8.347238E-01 0.000000E+00 0.000000E+00 2.935504E-02
 2.985000E-01 1.531239E-01 -8.291682E-01 0.000000E+00 0.000000E+00 2.891480E-02
 2.995000E-01 1.514765E-01 -8.236126E-01 0.000000E+00 0.000000E+00 2.848023E-02
 3.005000E-01 1.498434E-01 -8.180571E-01 0.000000E+00 0.000000E+00 2.805127E-02
 3.015000E-01 1.482243E-01 -8.125015E-01 0.000000E+00 0.000000E+00 2.762786E-02
 3.025000E-01 1.466193E-01 -8.069460E-01 0.000000E+00 0.000000E+00 2.720994E-02
 3.035000E-01 1.450282E-01 -8.013904E-01 0.000000E+00 0.000000E+00 2.679745E-02
 3.045000E-01 1.434510E-01 -7.958349E-01 0.000000E+00 0.000000E+00 2.639034E-02
 3.055000E-01 1.418875E-01 -7.902793E-01 0.000000E+00 0.000000E+00 2.598853E-02
 3.065000E-01 1.403377E-01 -7.847238E-01 0.000000E+00 0.000000E+00 2.559199E-02
 3.075000E-01 1.388014E-01 -7.791682E-01 0.000000E+00 0.000000E+00 2.520063E-02
 3.085000E-01 1.372786E-01 -7.736127E-01 0.000000E+00 0.000000E+00 2.481442E-02
 3.095000E-01 1.357693E-01 -7.680571E-01 0.000000E+00 0.000000E+00 2.443330E-02
 3.105000E-01 1.342732E-01 -7.625015E-01 0.000000E+00 0.000000E+00 2.405720E-02
 3.115000E-01 1.327904E-01 -7.569460E-01 0.000000E+00 0.000000E+00 2.368608E-02
 3.125000E-01 1.313206E-01 -7.513905E-01 0.000000E+00 0.000000E+00 2.331987E-02
 3.135000E-01 1.298639E-01 -7.458349E-01 0.000000E+00 0.000000E+00 2.295853E-02
 3.145000E-01 1.284202E-01 -7.402793E-01 0.000000E+00 0.000000E+00 2.260200E-02
 3.155000E-01 1.269894E-01 -7.347237E-01 0.000000E+00 0.000000E+00 2.225022E-02
 3.165000E-01 1.255713E-01 -7.291682E-01 0.000000E+00 0.000000E+00 2.190315E-02
 3.175000E-01 1.241659E-01 -7.236127E-01 0.000000E+00 0.000000E+00 2.156072E-02
 3.185000E-01 1.227732E-01 -7.180571E-01 0.000000E+00 0.000000E+00 2.122290E-02
 3.195000E-01 1.213929E-01 -7.125015E-01 0.000000E+00 0.000000E+00 2.088962E-02
 3.205000E-01 1.200251E-01 -7.069460E-01 0.000000E+00 0.000000E+00 2.056085E-02
 3.215000E-01 1.186697E-01 -7.013904E-01 0.000000E+00 0.000000E+00 2.023651E-02
 3.225000E-01 1.173265E-01 -6.958349E-01 0.000000E+00 0.000000E+00 1.991657E-02
 3.235000E-01 1.159955E-01 -6.902793E-01 0.000000E+00 0.000000E+00 1.960098E-02
 3.245000E-01 1.146767E-01 -6.847238E-01 0.000000E+00 0.000000E+00 1.928968E-02
 3.255000E-01 1.133698E-01 -6.791682E-01 0.000000E+00 0.000000E+00 1.898263E-02
 3.265000E-01 1.120749E-01 -6.736127E-01 0.000000E+00 0.000000E+00 1.867978E-02
 3.275000E-01 1.107919E-01 -6.680571E-01 0.000000E+00 0.000000E+00 1.838108E-02
 3.285000E-01 1.095206E-01 -6.625016E-01 0.000000E+00 0.000000E+00 1.808648E-02
 3.295000E-01 1.082610E-01 -6.569460E-01 0.000000E+00 0.000000E+00 1.779594E-02
 3.305000E-01 1.070131E-01 -6.513904E-01 0.000000E+00 0.000000E+00 1.750941E-02
 3.315000E-01 1.057766E-01 -6.458349E-01 0.000000E+00 0.000000E+00 1.722684E-02
 3.325000E-01 1.045517E-01 -6.402794E-01 0.000000E+00 0.000000E+00 1.694819E-02
 3.335000E-01 1.033381E-01 -6.347238E-01 0.000000E+00 0.000000E+00 1.667342E-02
 3.345000E-01 1.021358E-01 -6.291682E-01 0.000000E+00 0.000000E+00 1.640246E-02
 3.355000E-01 1.009447E-01 -6.236126E-01 0.000000E+00 0.000000E+00 1.613530E-02
 3.365000E-01 9.976477E-02 -6.180571E-01 0.000000E+00 0.000000E+00 1.587187E-02
 3.375000E-01 9.859589E-02 -6.125016E-01 0.000000E+00 0.000000E+00 1.561214E-02
 3.385000E-01 9.743799E-02 -6.069460E-01 0.000000E+00 0.000000E+00 1.535605E-02
 3.395000E-01 9.629100E-02 -6.013904E-01 0.000000E+00 0.000000E+00 1.510358E-02
 3.405000E-01 9.515483E-02 -5.958349E-01 0.000000E+00 0.000000E+00 1.485468E-02
 3.415000E-01 9.402941E-02 -5.902793E-01 0.000000E+00 0.000000E+00 1.460929E-02
 3.425000E-01 9.291466E-02 -5.847238E-01 0.000000E+00 0.000000E+00 1.436739E-02
 3.435000E-01 9.181052E-02 -5.791682E-01 0.000000E+00 0.000000E+00 1.412893E-02
 3.445000E-01 9.071689E-02 -5.736126E-01 0.000000E+00 0.000000E+00 1.389388E-02
 3.455000E-01 8.963372E-02 -5.680571E-01 0.000000E+00 0.000000E+00 1.366218E-02
 3.465000E-01 8.856091E-02 -5.625015E-01 0.000000E+00 0.000000E+00 1.343380E-02
 3.475000E-01 8.749840E-02 -5.569460E-01 0.000000E+00 0.000000E+00 1.320870E-02
 3.485000E-01 8.644611E-02 -5.513904E-01 0.000000E+00 0.000000E+00 1.298684E-02
 3.495000E-01 8.540397E-02 -5.458349E-01 0.000000E+00 0.000000E+00 1.276819E-02
 3.505000E-01 8.437191E-02 -5.402793E-01 0.000000E+00 0.000000E+00 1.255270E-02
 3.515000E-01 8.334985E-02 -5.347238E-01 0.000000E+00 0.000000E+00 1.234033E-02
 3.525000E-01 8.233771E-02 -5.291682E-01 0.000000E+00 0.000000E+00 1.213105E-02
 3.535000E-01 8.133544E-02 -5.236127E-01 0.000000E+00 0.000000E+00 1.192482E-02
 3.545000E-01 8.034295E-02 -5.180571E-01 0.000000E+00 0.000000E+00 1.172160E-02
 3.555000E-01 7.936016E-02 -5.125015E-01 0.000000E+00 0.000000E+00 1.152136E-02
 3.565000E-01 7.838703E-02 -5.069460E-01 0.000000E+00 0.000000E+00 1.132405E-02
 3.575000E-01 7.742346E-02 -5.013905E-01 0.000000E+00 0.000000E+00 1.112965E-02
 3.585000E-01 7.646939E-02 -4.958349E-01 0.000000E+00 0.000000E+00 1.093812E-02
 3.595000E-01 7.552475E-02 -4.902793E-01 0.000000E+00 0.000000E+00 1.074942E-02
 3.605000E-01 7.458947E-02 -4.847238E-01 0.000000E+00 0.000000E+00 1.056352E-02
 3.615000E-01 7.366347E-02 -4.791682E-01 0.000000E+00 0.000000E+00 1.038038E-02
 3.625000E-01 7.274670E-02 -4.736127E-01 0.000000E+00 0.000000E+00 1.019996E-02
 3.635000E-01 7.183907E-02 -4.680571E-01 0.000000E+00 0.000000E+00 1.002224E-02
 3.645000E-01 7.094053E-02 -4.625016E-01 0.000000E+00 0.000000E+00 9.847187E-03
 3.655000E-01 7.005101E-02 -4.569460E-01 0.000000E+00 0.000000E+00 9.674758E-03
 3.665000E-01 6.917042E-02 -4.513904E-01 0.000000E+00 0.000000E+00 9.504923E-03
 3.675000E-01 6.829872E-02 -4.458349E-01 0.000000E+00 0.000000E+00 9.337649E-03
 3.685000E-01 6.743582E-02 -4.402793E-01 0.000000E+00 0.000000E+00 9.172905E-03
 3.695000E-01 6.658167E-02 -4.347238E-01 0.000000E+00 0.000000E+00 9.010660E-03
 3.705000E-01 6.573620E-02 -4.291682E-01 0.000000E+00 0.000000E+00 8.850879E-03
 3.715000E-01 6.489933E-02 -4.236127E-01 0.000000E+00 0.000000E+00 8.693534E-03
 3.725000E-01 6.407101E-02 -4.180571E-01 0.000000E+00 0.000000E+00 8.538592E-03
 3.735000E-01 6.325117E-02 -4.125015E-01 0.000000E+00 0.000000E+00 8.386023E-03
 3.745000E-01 6.243975E-02 -4.069460E-01 0.000000E+00 0.000000E+00 8.235797E-03
 3.755000E-01 6.163668E-02 -4.013904E-01 0.000000E+00 0.000000E+00 8.087884E-03
 3.765000E-01 6.084189E-02 -3.958349E-01 0.000000E+00 0.000000E+00 7.942254E-03
 3.775000E-01 6.005532E-02 -3.902793E-01 0.000000E+00 0.000000E+00 7.798876E-03
 3.785000E-01 5.927690E-02 -3.847238E-01 0.000000E+00 0.000000E+00 7.657724E-03
 3.795000E-01 5.850658E-02 -3.791682E-01 0.000000E+00 0.000000E+00 7.518766E-03
 3.805000E-01 5.774428E-02 -3.736127E-01 0.000000E+00 0.000000E+00 7.381976E-03
 3.815000E-01 5.698996E-02 -3.680571E-01 0.000000E+00 0.000000E+00 7.247324E-03
 3.825000E-01 5.624354E-02 -3.625015E-01 0.000000E+00 0.000000E+00 7.114783E-03
 3.835000E-01 5.550496E-02 -3.569460E-01 0.000000E+00 0.000000E+00 6.984325E-03
 3.845000E-01 5.477415E-02 -3.513904E-01 0.000000E+00 0.000000E+00 6.855923E-03
 3.855000E-01 5.405107E-02 -3.458349E-01 0.000000E+00 0.000000E+00 6.729550E-03
 3.865000E-01 5.333564E-02 -3.402793E-01 0.000000E+00 0.000000E+00 6.605178E-03
 3.875000E-01 5.262781E-02 -3.347238E-01 0.000000E+00 0.000000E+00 6.482782E-03
 3.885000E-01 5.192751E-02 -3.291682E-01 0.000000E+00 0.000000E+00 6.362335E-03
 3.895000E-01 5.123469E-02 -3.236127E-01 0.000000E+00 0.000000E+00 6.243811E-03
 3.905000E-01 5.054929E-02 -3.180571E-01 0.000000E+00 0.000000E+00 6.127186E-03
 3.915000E-01 4.987124E-02 -3.125015E-01 0.000000E+00 0.000000E+00 6.012432E-03
 3.925000E-01 4.920048E-02 -3.069460E-01 0.000000E+00 0.000000E+00 5.899525E-03
 3.935000E-01 4.853696E-02 -3.013904E-01 0.000000E+00 0.000000E+00 5.788441E-03
 3.945000E-01 4.788062E-02 -2.958349E-01 0.000000E+00 0.000000E+00 5.679154E-03
 3.955000E-01 4.723140E-02 -2.902793E-01 0.000000E+00 0.000000E+00 5.571641E-03
 3.965000E-01 4.658924E-02 -2.847238E-01 0.000000E+00 0.000000E+00 5.465877E-03
 3.975000E-01 4.595408E-02 -2.791682E-01 0.000000E+00 0.000000E+00 5.361838E-03
 3.985000E-01 4.532587E-02 -2.736126E-01 0.000000E+00 0.000000E+00 5.259502E-03
 3.995000E-01 4.470455E-02 -2.680571E-01 0.000000E+00 0.000000E+00 5.158844E-03
 4.005000E-01 4.409006E-02 -2.625015E-01 0.000000E+00 0.000000E+00 5.059842E-03
 4.015000E-01 4.348235E-02 -2.569460E-01 0.000000E+00 0.000000E+00 4.962473E-03
 4.025000E-01 4.288135E-02 -2.513904E-01 0.000000E+00 0.000000E+00 4.866715E-03
 4.035000E-01 4.228703E-02 -2.458349E-01 0.000000E+00 0.000000E+00 4.772545E-03
 4.045000E-01 4.169931E-02 -2.402793E-01 0.000000E+00 0.000000E+00 4.679941E-03
 4.055000E-01 4.111814E-02 -2.347238E-01 0.000000E+00 0.000000E+00 4.588881E-03
 4.065000E-01 4.054347E-02 -2.291682E-01 0.000000E+00 0.000000E+00 4.499344E-03
 4.075000E-01 3.997524E-02 -2.236127E-01 0.000000E+00 0.000000E+00 4.411309E-03
 4.085000E-01 3.941340E-02 -2.180571E-01 0.000000E+00 0.000000E+00 4.324755E-03
 4.095000E-01 3.885790E-02 -2.125015E-01 0.000000E+00 0.000000E+00 4.239660E-03
 4.105000E-01 3.830868E-02 -2.069460E-01 0.000000E+00 0.000000E+00 4.156005E-03
 4.115000E-01 3.776569E-02 -2.013904E-01 0.000000E+00 0.000000E+00 4.073768E-03
 4.125000E-01 3.722886E-02 -1.958349E-01 0.000000E+00 0.000000E+00 3.992930E-03
 4.135000E-01 3.669817E-02 -1.902793E-01 0.000000E+00 0.000000E+00 3.913471E-03
 4.145000E-01 3.617354E-02 -1.847238E-01 0.000000E+00 0.000000E+00 3.835371E-03
 4.155000E-01 3.565493E-02 -1.791682E-01 0.000000E+00 0.000000E+00 3.758611E-03
 4.165000E-01 3.514228E-02 -1.736127E-01 0.000000E+00 0.000000E+00 3.683172E-03
 4.175000E-01 3.463555E-02 -1.680571E-01 0.000000E+00 0.000000E+00 3.609034E-03
 4.185000E-01 3.413468E-02 -1.625015E-01 0.000000E+00 0.000000E+00 3.536179E-03
 4.195000E-01 3.363962E-02 -1.569460E-01 0.000000E+00 0.000000E+00 3.464588E-03
 4.205000E-01 3.315033E-02 -1.513904E-01 0.000000E+00 0.000000E+00 3.394243E-03
 4.215000E-01 3.266674E-02 -1.458349E-01 0.000000E+00 0.000000E+00 3.325126E-03
 4.225000E-01 3.218881E-02 -1.402793E-01 0.000000E+00 0.000000E+00 3.257219E-03
 4.235000E-01 3.171650E-02 -1.347238E-01 0.000000E+00 0.000000E+00 3.190504E-03
 4.245000E-01 3.124974E-02 -1.291682E-01 0.000000E+00 0.000000E+00 3.124964E-03
 4.255000E-01 3.078850E-02 -1.236127E-01 0.000000E+00 0.000000E+00 3.060581E-03
 4.265000E-01 3.033271E-02 -1.180571E-01 0.000000E+00 0.000000E+00 2.997339E-03
 4.275000E-01 2.988235E-02 -1.125015E-01 0.000000E+00 0.000000E+00 2.935219E-03
 4.285000E-01 2.943734E-02 -1.069460E-01 0.000000E+00 0.000000E+00 2.874207E-03
 4.295000E-01 2.899766E-02 -1.013904E-01 0.000000E+00 0.000000E+00 2.814285E-03
 4.305000E-01 2.856324E-02 -9.583488E-02 0.000000E+00 0.000000E+00 2.755437E-03
 4.315000E-01 2.813405E-02 -9.027933E-02 0.000000E+00 0.000000E+00 2.697647E-03
 4.325000E-01 2.771003E-02 -8.472377E-02 0.000000E+00 0.000000E+00 2.640899E-03
 4.335000E-01 2.729114E-02 -7.916822E-02 0.000000E+00 0.000000E+00 2.585177E-03
 4.345000E-01 2.687733E-02 -7.361266E-02 0.000000E+00 0.000000E+00 2.530466E-03
 4.355000E-01 2.646855E-02 -6.805710E-02 0.000000E+00 0.000000E+00 2.476751E-03
 4.365000E-01 2.606477E-02 -6.250155E-02 0.000000E+00 0.000000E+00 2.424016E-03
 4.375000E-01 2.566593E-02 -5.694599E-02 0.000000E+00 0.000000E+00 2.372246E-03
 4.385000E-01 2.527198E-02 -5.139044E-02 0.000000E+00 0.000000E+00 2.321427E-03
 4.395000E-01 2.488289E-02 -4.583488E-02 0.000000E+00 0.000000E+00 2.271543E-03
 4.405000E-01 2.449860E-02 -4.027933E-02 0.000000E+00 0.000000E+00 2.222582E-03
 4.415000E-01 2.411908E-02 -3.472377E-02 0.000000E+00 0.000000E+00 2.174528E-03
 4.425000E-01 2.374427E-02 -2.916821E-02 0.000000E+00 0.000000E+00 2.127367E-03
 4.435000E-01 2.337414E-02 -2.361266E-02 0.000000E+00 0.000000E+00 2.081085E-03
 4.445000E-01 2.300864E-02 -1.805710E-02 0.000000E+00 0.000000E+00 2.035670E-03
 4.455000E-01 2.264773E-02 -1.250155E-02 0.000000E+00 0.000000E+00 1.991106E-03
 4.465000E-01 2.229135E-02 -6.945991E-03 0.000000E+00 0.000000E+00 1.947382E-03
 4.475000E-01 2.193948E-02 -1.390436E-03 0.000000E+00 0.000000E+00 1.904482E-03
 4.485000E-01 2.185212E-02 0.000000E+00 0.000000E+00 0.000000E+00 1.893873E-03
 4.495000E-01 2.185212E-02 0.000000E+00 0.000000E+00 0.000000E+00 1.893873E-03
 4.505000E-01 2.185212E-02 0.000000E+00 0.000000E+00 0.000000E+00 1.893873E-03
 4.515000E-01 2.185212E-02 0.000000E+00 0.000000E+00 0.000000E+00 1.893873E-03
 4.525000E-01 2.185212E-02 0.000000E+00 0.000000E+00 0.000000E+00 1.893873E-03
 4.535000E-01 2.185212E-02 0.000000E+00 0.000000E+00 0.000000E+00 1.893873E-03
 4.545000E-01 2.185212E-02 0.000000E+00 0.000000E+00 0.000000E+00 1.893873E-03
 4.555000E-01 2.185212E-02 0.000000E+00 0.000000E+00 0.000000E+00 1.893873E-03
 4.565000E-01 2.185212E-02 0.000000E+00 0.000000E+00 0.000000E+00 1.893873E-03
 4.575000E-01 2.185212E-02 0.000000E+00 0.000000E+00 0.000000E+00 1.893873E-03
 4.585000E-01 2.185212E-02 0.000000E+00 0.000000E+00 0.000000E+00 1.893873E-03
 4.595000E-01 2.185212E-02 0.000000E+00 0.000000E+00 0.000000E+00 1.893873E-03
 4.605000E-01 2.185212E-02 0.000000E+00 0.000000E+00 0.000000E+00 1.893873E-03
 4.615000E-01 2.185212E-02 0.000000E+00 0.000000E+00 0.000000E+00 1.893873E-03
 4.625000E-01 2.185212E-02 0.000000E+00 0.000000E+00 0.000000E+00 1.893873E-03
 4.635000E-01 2.185212E-02 0.000000E+00 0.000000E+00 0.000000E+00 1.893873E-03
 4.645000E-01 2.185212E-02 0.000000E+00 0.000000E+00 0.000000E+00 1.893873E-03
 4.655000E-01 2.185212E-02 0.000000E+00 0.000000E+00 0.000000E+00 1.893873E-03
 4.665000E-01 2.185212E-02 0.000000E+00 0.000000E+00 0.000000E+00 1.893873E-03
 4.675000E-01 2.185212E-02 0.000000E+00 0.000000E+00 0.000000E+00 1.893873E-03
 4.685000E-01 2.185212E-02 0.000000E+00 0.000000E+00 0.000000E+00 1.893873E-03
 4.695000E-01 2.185212E-02 0.000000E+00 0.000000E+00 0.000000E+00 1.893873E-03
 4.705000E-01 2.185212E-02 0.000000E+00 0.000000E+00 0.000000E+00 1.893873E-03
 4.715000E-01 2.185212E-02 0.000000E+00 0.000000E+00 0.000000E+00 1.893873E-03
 4.725000E-01 2.185212E-02 0.000000E+00 0.000000E+00 0.000000E+00 1.893873E-03
 4.735000E-01 2.185212E-02 0.000000E+00 0.000000E+00 0.000000E+00 1.893873E-03
 4.745000E-01 2.185212E-02 0.000000E+00 0.000000E+00 0.000000E+00 1.893873E-03
 4.755000E-01 2.185212E-02 0.000000E+00 0.000000E+00 0.000000E+00 1.893873E-03
 4.765000E-01 2.185212E-02 0.000000E+00 0.000000E+00 0.000000E+00 1.893873E-03
 4.775000E-01 2.185212E-02 0.000000E+00 0.000000E+00 0.000000E+00 1.893873E-03
 4.785000E-01 2.185212E-02 0.000000E+00 0.000000E+00 0.000000E+00 1.893873E-03
 4.795000E-01 2.185212E-02 0.000000E+00 0.000000E+00 0.000000E+00 1.893873E-03
 4.805000E-01 2.185212E-02 0.000000E+00 0.000000E+00 0.000000E+00 1.893873E-03
 4.815000E-01 2.185212E-02 0.000000E+00 0.000000E+00 0.000000E+00 1.893873E-03
 4.825000E-01 2.185212E-02 0.000000E+00 0.000000E+00 0.000000E+00 1.893873E-03
 4.835000E-01 2.185212E-02 0.000000E+00 0.000000E+00 0.000000E+00 1.893873E-03
 4.845000E-01 2.185212E-02 0.000000E+00 0.000000E+00 0.000000E+00 1.893873E-03
 4.855000E-01 2.185212E-02 0.000000E+00 0.000000E+00 0.000000E+00 1.893873E-03
 4.865000E-01 2.185212E-02 0.000000E+00 0.000000E+00 0.000000E+00 1.893873E-03
 4.875000E-01 2.185212E-02 0.000000E+00 0.000000E+00 0.000000E+00 1.893873E-03
 4.885000E-01 2.185212E-02 0.000000E+00 0.000000E+00 0.000000E+00 1.893873E-03
 4.895000E-01 2.185212E-02 0.000000E+00 0.000000E+00 0.000000E+00 1.893873E-03
 4.905000E-01 2.185212E-02 0.000000E+00 0.000000E+00 0.000000E+00 1.893873E-03
 4.915000E-01 2.185212E-02 0.000000E+00 0.000000E+00 0.000000E+00 1.893873E-03
 4.925000E-01 2.185212E-02 0.000000E+00 0.000000E+00 0.000000E+00 1.893873E-03
 4.935000E-01 2.185212E-02 0.000000E+00 0.000000E+00 0.000000E+00 1.893873E-03
 4.945000E-01 2.185212E-02 0.000000E+00 0.000000E+00 0.000000E+00 1.893873E-03
 4.955000E-01 2.185212E-02 0.000000E+00 0.000000E+00 0.000000E+00 1.893873E-03
 4.965000E-01 2.185212E-02 0.000000E+00 0.000000E+00 0.000000E+00 1.893873E-03
 4.975000E-01 2.185212E-02 0.000000E+00 0.000000E+00 0.000000E+00 1.893873E-03
 4.985000E-01 2.185212E-02 0.000000E+00 0.000000E+00 0.000000E+00 1.893873E-03
 4.995000E-01 2.185212E-02 0.000000E+00 0.000000E+00 0.000000E+00 1.893873E-03
 5.005000E-01 2.185212E-02 0.000000E+00 0.000000E+00 0.000000E+00 1.893873E-03
 5.015000E-01 2.185212E-02 0.000000E+00 0.000000E+00 0.000000E+00 1.893873E-03
 5.025000E-01 2.185212E-02 0.000000E+00 0.000000E+00 0.000000E+00 1.893873E-03
 5.035000E-01 2.185212E-02 0.000000E+00 0.000000E+00 0.000000E+00 1.893873E-03
 5.045000E-01 2.185212E-02 0.000000E+00 0.000000E+00 0.000000E+00 1.893873E-03
 5.055000E-01 2.185212E-02 0.000000E+00 0.000000E+00 0.000000E+00 1.893873E-03
 5.065000E-01 2.185212E-02 0.000000E+00 0.000000E+00 0.000000E+00 1.893873E-03
 5.075000E-01 2.185212E-02 0.000000E+00 0.000000E+00 0.000000E+00 1.893873E-03
 5.085000E-01 2.185212E-02 0.000000E+00 0.000000E+00 0.000000E+00 1.893873E-03
 5.095000E-01 2.185212E-02 0.000000E+00 0.000000E+00 0.000000E+00 1.893873E-03
 5.105000E-01 2.185212E-02 0.000000E+00 0.000000E+00 0.000000E+00 1.893873E-03
 5.115000E-01 2.185212E-02 0.000000E+00 0.000000E+00 0.000000E+00 1.893873E-03
 5.125000E-01 2.185212E-02 0.000000E+00 0.000000E+00 0.000000E+00 1.893873E-03
 5.135000E-01 2.185212E-02 0.000000E+00 0.000000E+00 0.000000E+00 1.893873E-03
 5.145000E-01 2.185212E-02 0.000000E+00 0.000000E+00 0.000000E+00 1.893873E-03
 5.155000E-01 2.185212E-02 0.000000E+00 0.000000E+00 0.000000E+00 1.893873E-03
 5.165000E-01 2.185212E-02 0.000000E+00 0.000000E+00 0.000000E+00 1.893873E-03
 5.175000E-01 2.185212E-02 0.000000E+00 0.000000E+00 0.000000E+00 1.893873E-03
 5.185000E-01 2.185212E-02 0.000000E+00 0.000000E+00 0.000000E+00 1.893873E-03
 5.195000E-01 2.185212E-02 0.000000E+00 0.000000E+00 0.000000E+00 1.893873E-03
 5.205000E-01 2.185212E-02 0.000000E+00 0.000000E+00 0.000000E+00 1.893873E-03
 5.215000E-01 2.185212E-02 0.000000E+00 0.000000E+00 0.000000E+00 1.893873E-03
 5.225000E-01 2.185212E-02 0.000000E+00 0.000000E+00 0.000000E+00 1.893873E-03
 5.235000E-01 2.185212E-02 0.000000E+00 0.000000E+00 0.000000E+00 1.893873E-03
 5.245000E-01 2.185212E-02 0.000000E+00 0.000000E+00 0.000000E+00 1.893873E-03
 5.255000E-01 2.185212E-02 0.000000E+00 0.000000E+00 0.000000E+00 1.893873E-03
 5.265000E-01 2.185212E-02 0.000000E+00 0.000000E+00 0.000000E+00 1.893873E-03
 5.275000E-01 2.185212E-02 0.000000E+00 0.000000E+00 0.000000E+00 1.893873E-03
 5.285000E-01 2.185212E-02 0.000000E+00 0.000000E+00 0.000000E+00 1.893873E-03
 5.295000E-01 2.185212E-02 0.000000E+00 0.000000E+00 0.000000E+00 1.893873E-03
 5.305000E-01 2.185212E-02 0.000000E+00 0.000000E+00 0.000000E+00 1.893873E-03
 5.315000E-01 2.185212E-02 0.000000E+00 0.000000E+00 0.000000E+00 1.893873E-03
 5.325000E-01 2.185212E-02 0.000000E+00 0.000000E+00 0.000000E+00 1.893873E-03
 5.335000E-01 2.185212E-02 0.000000E+00 0.000000E+00 0.000000E+00 1.893873E-03
 5.345000E-01 2.185212E-02 0.000000E+00 0.000000E+00 0.000000E+00 1.893873E-03
 5.355000E-01 2.185212E-02 0.000000E+00 0.000000E+00 0.000000E+00 1.893873E-03
 5.365000E-01 2.185212E-02 0.000000E+00 0.000000E+00 0.000000E+00 1.893873E-03
 5.375000E-01 2.185212E-02 0.000000E+00 0.000000E+00 0.000000E+00 1.893873E-03
 5.385000E-01 2.185212E-02 0.000000E+00 0.000000E+00 0.000000E+00 1.893873E-03
 5.395000E-01 2.185212E-02 0.000000E+00 0.000000E+00 0.000000E+00 1.893873E-03
 5.405000E-01 2.185212E-02 0.000000E+00 0.000000E+00 0.000000E+00 1.893873E-03
 5.415000E-01 2.185212E-02 0.000000E+00 0.000000E+00 0.000000E+00 1.893873E-03
 5.425000E-01 2.185212E-02 0.000000E+00 0.000000E+00 0.000000E+00 1.893873E-03
 5.435000E-01 2.185212E-02 0.000000E+00 0.000000E+00 0.000000E+00 1.893873E-03
 5.445000E-01 2.185212E-02 0.000000E+00 0.000000E+00 0.000000E+00 1.893873E-03
 5.455000E-01 2.185212E-02 0.000000E+00 0.000000E+00 0.000000E+00 1.893873E-03
 5.465000E-01 2.185212E-02 0.000000E+00 0.000000E+00 0.000000E+00 1.893873E-03
 5.475000E-01 2.185212E-02 0.000000E+00 0.000000E+00 0.000000E+00 1.893873E-03
 5.485000E-01 2.185212E-02 0.000000E+00 0.000000E+00 0.000000E+00 1.893873E-03
 5.495000E-01 2.185212E-02 0.000000E+00 0.000000E+00 0.000000E+00 1.893873E-03
 5.505000E-01 2.185212E-02 0.000000E+00 0.000000E+00 0.000000E+00 1.893873E-03
 5.515000E-01 2.185212E-02 0.000000E+00 0.000000E+00 0.000000E+00 1.893873E-03
 5.525000E-01 2.193948E-02 1.390436E-03 0.000000E+00 0.000000E+00 1.904482E-03
 5.535000E-01 2.229135E-02 6.945991E-03 0.000000E+00 0.000000E+00 1.947382E-03
 5.545000E-01 2.264773E-02 1.250155E-02 0.000000E+00 0.000000E+00 1.991106E-03
 5.555000E-01 2.300864E-02 1.805710E-02 0.000000E+00 0.000000E+00 2.035670E-03
 5.565000E-01 2.337414E-02 2.361266E-02 0.000000E+00 0.000000E+00 2.081085E-03
 5.575000E-01 2.374427E-02 2.916821E-02 0.000000E+00 0.000000E+00 2.127367E-03
 5.585000E-01 2.411908E-02 3.472377E-02 0.000000E+00 0.000000E+00 2.174528E-03
 5.595000E-01 2.449860E-02 4.027933E-02 0.000000E+00 0.000000E+00 2.222582E-03
 5.605000E-01 2.488289E-02 4.583488E-02 0.000000E+00 0.000000E+00 2.271543E-03
 5.615000E-01 2.527198E-02 5.139044E-02 0.000000E+00 0.000000E+00 2.321427E-03
 5.625000E-01 2.566593E-02 5.694599E-02 0.000000E+00 0.000000E+00 2.372246E-03
 5.635000E-01 2.606477E-02 6.250155E-02 0.000000E+00 0.000000E+00 2.424016E-03
 5.645000E-01 2.646855E-02 6.805710E-02 0.000000E+00 0.000000E+00 2.476751E-03
 5.655000E-01 2.687733E-02 7.361266E-02 0.000000E+00 0.000000E+00 2.530466E-03
 5.665000E-01 2.729114E-02 7.916822E-02 0.000000E+00 0.000000E+00 2.585177E-03
 5.675000E-01 2.771003E-02 8.472377E-02 0.000000E+00 0.000000E+00 2.640899E-03
 5.685000E-01 2.813405E-02 9.027933E-02 0.000000E+00 0.000000E+00 2.697647E-03
 5.695000E-01 2.856324E-02 9.583488E-02 0.000000E+00 0.000000E+00 2.755437E-03
 5.705000E-01 2.899766E-02 1.013904E-01 0.000000E+00 0.000000E+00 2.814285E-03
 5.715000E-01 2.943734E-02 1.069460E-01 0.000000E+00 0.000000E+00 2.874207E-03
 5.725000E-01 2.988235E-02 1.125015E-01 0.000000E+00 0.000000E+00 2.935219E-03
 5.735000E-01 3.033271E-02 1.180571E-01 0.000000E+00 0.000000E+00 2.997339E-03
 5.745000E-01 3.078850E-02 1.236127E-01 0.000000E+00 0.000000E+00 3.060581E-03
 5.755000E-01 3.124974E-02 1.291682E-01 0.000000E+00 0.000000E+00 3.124964E-03
 5.765000E-01 3.171650E-02 1.347238E-01 0.000000E+00 0.000000E+00 3.190504E-03
 5.775000E-01 3.218881E-02 1.402793E-01 0.000000E+00 0.000000E+00 3.257219E-03
 5.785000E-01 3.266674E-02 1.458349E-01 0.000000E+00 0.000000E+00 3.325126E-03
 5.795000E-01 3.315033E-02 1.513904E-01 0.000000E+00 0.000000E+00 3.394243E-03
 5.805000E-01 3.363962E-02 1.569460E-01 0.000000E+00 0.000000E+00 3.464588E-03
 5.815000E-01 3.413468E-02 1.625015E-01 0.000000E+00 0.000000E+00 3.536179E-03
 5.825000E-01 3.463555E-02 1.680571E-01 0.000000E+00 0.000000E+00 3.609034E-03
 5.835000E-01 3.514228E-02 1.736127E-01 0.000000E+00 0.000000E+00 3.683172E-03
 5.845000E-01 3.565493E-02 1.791682E-01 0.000000E+00 0.000000E+00 3.758611E-03
 5.855000E-01 3.617354E-02 1.847238E-01 0.000000E+00 0.000000E+00 3.835371E-03
 5.865000E-01 3.669817E-02 1.902793E-01 0.000000E+00 0.000000E+00 3.913471E-03
 5.875000E-01 3.722886E-02 1.958349E-01 0.000000E+00 0.000000E+00 3.992930E-03
 5.885000E-01 3.776569E-02 2.013904E-01 0.000000E+00 0.000000E+00 4.073768E-03
 5.895000E-01 3.830868E-02 2.069460E-01 0.000000E+00 0.000000E+00 4.156005E-03
 5.905000E-01 3.885790E-02 2.125015E-01 0.000000E+00 0.000000E+00 4.239660E-03
 5.915000E-01 3.941340E-02 2.180571E-01 0.000000E+00 0.000000E+00 4.324755E-03
 5.925000E-01 3.997524E-02 2.236127E-01 0.000000E+00 0.000000E+00 4.411309E-03
 5.935000E-01 4.054347E-02 2.291682E-01 0.000000E+00 0.000000E+00 4.499344E-03
 5.945000E-01 4.111814E-02 2.347238E-01 0.000000E+00 0.000000E+00 4.588881E-03
 5.955000E-01 4.169931E-02 2.402793E-01 0.000000E+00 0.000000E+00 4.679941E-03
 5.965000E-01 4.228703E-02 2.458349E-01 0.000000E+00 0.000000E+00 4.772545E-03
 5.975000E-01 4.288135E-02 2.513904E-01 0.000000E+00 0.000000E+00 4.866715E-03
 5.985000E-01 4.348235E-02 2.569460E-01 0.000000E+00 0.000000E+00 4.962473E-03
 5.995000E-01 4.409006E-02 2.625015E-01 0.000000E+00 0.000000E+00 5.059842E-03
 6.005000E-01 4.470455E-02 2.680571E-01 0.000000E+00 0.000000E+00 5.158844E-03
 6.015000E-01 4.532587E-02 2.736126E-01 0.000000E+00 0.000000E+00 5.259502E-03
 6.025000E-01 4.595408E-02 2.791682E-01 0.000000E+00 0.000000E+00 5.361838E-03
 6.035000E-01 4.658924E-02 2.847238E-01 0.000000E+00 0.000000E+00 5.465877E-03
 6.045000E-01 4.723140E-02 2.902793E-01 0.000000E+00 0.000000E+00 5.571641E-03
 6.055000E-01 4.788062E-02 2.958349E-01 0.000000E+00 0.000000E+00 5.679154E-03
 6.065000E-01 4.853696E-02 3.013904E-01 0.000000E+00 0.000000E+00 5.788441E-03
 6.075000E-01 4.920048E-02 3.069460E-01 0.000000E+00 0.000000E+00 5.899525E-03
 6.085000E-01 4.987124E-02 3.125015E-01 0.000000E+00 0.000000E+00 6.012432E-03
 6.095000E-01 5.054929E-02 3.180571E-01 0.000000E+00 0.000000E+00 6.127186E-03
 6.105000E-01 5.123469E-02 3.236127E-01 0.000000E+00 0.000000E+00 6.243811E-03
 6.115000E-01 5.192751E-02 3.291682E-01 0.000000E+00 0.000000E+00 6.362335E-03
 6.125000E-01 5.262781E-02 3.347238E-01 0.000000E+00 0.000000E+00 6.482782E-03
 6.135000E-01 5.333564E-02 3.402793E-01 0.000000E+00 0.000000E+00 6.605178E-03
 6.145000E-01 5.405107E-02 3.458349E-01 0.000000E+00 0.000000E+00 6.729550E-03
 6.155000E-01 5.477415E-02 3.513904E-01 0.000000E+00 0.000000E+00 6.855923E-03
 6.165000E-01 5.550496E-02 3.569460E-01 0.000000E+00 0.000000E+00 6.984325E-03
 6.175000E-01 5.624354E-02 3.625015E-01 0.000000E+00 0.000000E+00 7.114783E-03
 6.185000E-01 5.698996E-02 3.680571E-01 0.000000E+00 0.000000E+00 7.247324E-03
 6.195000E-01 5.774428E-02 3.736127E-01 0.000000E+00 0.000000E+00 7.381976E-03
 6.205000E-01 5.850658E-02 3.791682E-01 0.000000E+00 0.000000E+00 7.518766E-03
 6.215000E-01 5.927690E-02 3.847238E-01 0.000000E+00 0.000000E+00 7.657724E-03
 6.225000E-01 6.005532E-02 3.902793E-01 0.000000E+00 0.000000E+00 7.798876E-03
 6.235000E-01 6.084189E-02 3.958349E-01 0.000000E+00 0.000000E+00 7.942254E-03
 6.245000E-01 6.163668E-02 4.013904E-01 0.000000E+00 0.000000E+00 8.087884E-03
 6.255000E-01 6.243975E-02 4.069460E-01 0.000000E+00 0.000000E+00 8.235797E-03
 6.265000E-01 6.325117E-02 4.125015E-01 0.000000E+00 0.000000E+00 8.386023E-03
 6.275000E-01 6.407101E-02 4.180571E-01 0.000000E+00 0.000000E+00 8.538592E-03
 6.285000E-01 6.489933E-02 4.236127E-01 0.000000E+00 0.000000E+00 8.693534E-03
 6.295000E-01 6.573620E-02 4.291682E-01 0.000000E+00 0.000000E+00 8.850879E-03
 6.305000E-01 6.658167E-02 4.347238E-01 0.000000E+00 0.000000E+00 9.010660E-03
 6.315000E-01 6.743582E-02 4.402793E-01 0.000000E+00 0.000000E+00 9.172905E-03
 6.325000E-01 6.829872E-02 4.458349E-01 0.000000E+00 0.000000E+00 9.337649E-03
 6.335000E-01 6.917042E-02 4.513904E-01 0.000000E+00 0.000000E+00 9.504923E-03
 6.345000E-01 7.005101E-02 4.569460E-01 0.000000E+00 0.000000E+00 9.674758E-03
 6.355000E-01 7.094053E-02 4.625016E-01 0.000000E+00 0.000000E+00 9.847187E-03
 6.365000E-01 7.183907E-02 4.680571E-01 0.000000E+00 0.000000E+00 1.002224E-02
 6.375000E-01 7.274670E-02 4.736127E-01 0.000000E+00 0.000000E+00 1.019996E-02
 6.385000E-01 7.366347E-02 4.791682E-01 0.000000E+00 0.000000E+00 1.038038E-02
 6.395000E-01 7.458947E-02 4.847238E-01 0.000000E+00 0.000000E+00 1.056352E-02
 6.405000E-01 7.552475E-02 4.902793E-01 0.000000E+00 0.000000E+00 1.074942E-02
 6.415000E-01 7.646939E-02 4.958349E-01 0.000000E+00 0.000000E+00 1.093812E-02
 6.425000E-01 7.742346E-02 5.013905E-01 0.000000E+00 0.000000E+00 1.112965E-02
 6.435000E-01 7.838703E-02 5.069460E-01 0.000000E+00 0.000000E+00 1.132405E-02
 6.445000E-01 7.936016E-02 5.125015E-01 0.000000E+00 0.000000E+00 1.152136E-02
 6.455000E-01 8.034295E-02 5.180571E-01 0.000000E+00 0.000000E+00 1.172160E-02
 6.465000E-01 8.133544E-02 5.236127E-01 0.000000E+00 0.000000E+00 1.192482E-02
 6.475000E-01 8.233771E-02 5.291682E-01 0.000000E+00 0.000000E+00 1.213105E-02
 6.485000E-01 8.334985E-02 5.347238E-01 0.000000E+00 0.000000E+00 1.234033E-02
 6.495000E-01 8.437191E-02 5.402793E-01 0.000000E+00 0.000000E+00 1.255270E-02
 6.505000E-01 8.540397E-02 5.458349E-01 0.000000E+00 0.000000E+00 1.276819E-02
 6.515000E-01 8.644611E-02 5.513904E-01 0.000000E+00 0.000000E+00 1.298684E-02
 6.525000E-01 8.749840E-02 5.569460E-01 0.000000E+00 0.000000E+00 1.320870E-02
 6.535000E-01 8.856091E-02 5.625015E-01 0.000000E+00 0.000000E+00 1.343380E-02
 6.545000E-01 8.963372E-02 5.680571E-01 0.000000E+00 0.000000E+00 1.366218E-02
 6.555000E-01 9.071689E-02 5.736126E-01 0.000000E+00 0.000000E+00 1.389388E-02
 6.565000E-01 9.181052E-02 5.791682E-01 0.000000E+00 0.000000E+00 1.412893E-02
 6.575000E-01 9.291466E-02 5.847238E-01 0.000000E+00 0.000000E+00 1.436739E-02
 6.585000E-01 9.402941E-02 5.902793E-01 0.000000E+00 0.000000E+00 1.460929E-02
 6.595000E-01 9.515483E-02 5.958349E-01 0.000000E+00 0.000000E+00 1.485468E-02
 6.605000E-01 9.629100E-02 6.013904E-01 0.000000E+00 0.000000E+00 1.510358E-02
 6.615000E-01 9.743799E-02 6.069460E-01 0.000000E+00 0.000000E+00 1.535605E-02
 6.625000E-01 9.859589E-02 6.125016E-01 0.000000E+00 0.000000E+00 1.561214E-02
 6.635000E-01 9.976477E-02 6.180571E-01 0.000000E+00 0.000000E+00 1.587187E-02
 6.645000E-01 1.009447E-01 6.236126E-01 0.000000E+00 0.000000E+00 1.613530E-02
 6.655000E-01 1.021358E-01 6.291682E-01 0.000000E+00 0.000000E+00 1.640246E-02
 6.665000E-01 1.033381E-01 6.347238E-01 0.000000E+00 0.000000E+00 1.667342E-02
 6.675000E-01 1.045517E-01 6.402794E-01 0.000000E+00 0.000000E+00 1.694819E-02
 6.685000E-01 1.057766E-01 6.458349E-01 0.000000E+00 0.000000E+00 1.722684E-02
 6.695000E-01 1.070131E-01 6.513904E-01 0.000000E+00 0.000000E+00 1.750941E-02
 6.705000E-01 1.082610E-01 6.569460E-01 0.000000E+00 0.000000E+00 1.779594E-02
 6.715000E-01 1.095206E-01 6.625016E-01 0.000000E+00 0.000000E+00 1.808648E-02
 6.725000E-01 1.107919E-01 6.680571E-01 0.000000E+00 0.000000E+00 1.838108E-02
 6.735000E-01 1.120749E-01 6.736127E-01 0.000000E+00 0.000000E+00 1.867978E-02
 6.745000E-01 1.133698E-01 6.791682E-01 0.000000E+00 0.000000E+00 1.898263E-02
 6.755000E-01 1.146767E-01 6.847238E-01 0.000000E+00 0.000000E+00 1.928968E-02
 6.765000E-01 1.159955E-01 6.902793E-01 0.000000E+00 0.000000E+00 1.960098E-02
 6.775000E-01 1.173265E-01 6.958349E-01 0.000000E+00 0.000000E+00 1.991657E-02
 6.785000E-01 1.186697E-01 7.013904E-01 0.000000E+00 0.000000E+00 2.023651E-02
 6.795000E-01 1.200251E-01 7.069460E-01 0.000000E+00 0.000000E+00 2.056085E-02
 6.805000E-01 1.213929E-01 7.125015E-01 0.000000E+00 0.000000E+00 2.088962E-02
 6.815000E-01 1.227732E-01 7.180571E-01 0.000000E+00 0.000000E+00 2.122290E-02
 6.825000E-01 1.241659E-01 7.236127E-01 0.000000E+00 0.000000E+00 2.156072E-02
 6.835000E-01 1.255713E-01 7.291682E-01 0.000000E+00 0.000000E+00 2.190315E-02
 6.845000E-01 1.269894E-01 7.347237E-01 0.000000E+00 0.000000E+00 2.225022E-02
 6.855000E-01 1.284202E-01 7.402793E-01 0.000000E+00 0.000000E+00 2.260200E-02
 6.865000E-01 1.298639E-01 7.458349E-01 0.000000E+00 0.000000E+00 2.295853E-02
 6.875000E-01 1.313206E-01 7.513905E-01 0.000000E+00 0.000000E+00 2.331987E-02
 6.885000E-01 1.327904E-01 7.569460E-01 0.000000E+00 0.000000E+00 2.368608E-02
 6.895000E-01 1.342732E-01 7.625015E-01 0.000000E+00 0.000000E+00 2.405720E-02
 6.905000E-01 1.357693E-01 7.680571E-01 0.000000E+00 0.000000E+00 2.443330E-02
 6.915000E-01 1.372786E-01 7.736127E-01 0.000000E+00 0.000000E+00 2.481442E-02
 6.925000E-01 1.388014E-01 7.791682E-01 0.000000E+00 0.000000E+00 2.520063E-02
 6.935000E-01 1.403377E-01 7.847238E-01 0.000000E+00 0.000000E+00 2.559199E-02
 6.945000E-01 1.418875E-01 7.902793E-01 0.000000E+00 0.000000E+00 2.598853E-02
 6.955000E-01 1.434510E-01 7.958349E-01 0.000000E+00 0.000000E+00 2.639034E-02
 6.965000E-01 1.450282E-01 8.013904E-01 0.000000E+00 0.000000E+00 2.679745E-02
 6.975000E-01 1.466193E-01 8.069460E-01 0.000000E+00 0.000000E+00 2.720994E-02
 6.985000E-01 1.482243E-01 8.125015E-01 0.000000E+00 0.000000E+00 2.762786E-02
 6.995000E-01 1.498434E-01 8.180571E-01 0.000000E+00 0.000000E+00 2.805127E-02
 7.005000E-01 1.514765E-01 8.236126E-01 0.000000E+00 0.000000E+00 2.848023E-02
 7.015000E-01 1.531239E-01 8.291682E-01 0.000000E+00 0.000000E+00 2.891480E-02
 7.025000E-01 1.547856E-01 8.347238E-01 0.000000E+00 0.000000E+00 2.935504E-02
 7.035000E-01 1.564616E-01 8.402793E-01 0.000000E+00 0.000000E+00 2.980101E-02
 7.045000E-01 1.581522E-01 8.458349E-01 0.000000E+00 0.000000E+00 3.025278E-02
 7.055000E-01 1.598573E-01 8.513904E-01 0.000000E+00 0.000000E+00 3.071040E-02
 7.065000E-01 1.615771E-01 8.569460E-01 0.000000E+00 0.000000E+00 3.117395E-02
 7.075000E-01 1.633117E-01 8.625016E-01 0.000000E+00 0.000000E+00 3.164348E-02
 7.085000E-01 1.650612E-01 8.680571E-01 0.000000E+00 0.000000E+00 3.211906E-02
 7.095000E-01 1.668256E-01 8.736126E-01 0.000000E+00 0.000000E+00 3.260075E-02
 7.105000E-01 1.686050E-01 8.791682E-01 0.000000E+00 0.000000E+00 3.308862E-02
 7.115000E-01 1.703996E-01 8.847238E-01 0.000000E+00 0.000000E+00 3.358274E-02
 7.125000E-01 1.722095E-01 8.902794E-01 0.000000E+00 0.000000E+00 3.408317E-02
 7.135000E-01 1.740347E-01 8.958349E-01 0.000000E+00 0.000000E+00 3.458997E-02
 7.145000E-01 1.758754E-01 9.013904E-01 0.000000E+00 0.000000E+00 3.510322E-02
 7.155000E-01 1.777316E-01 9.069460E-01 0.000000E+00 0.000000E+00 3.562299E-02
 7.165000E-01 1.796034E-01 9.125016E-01 0.000000E+00 0.000000E+00 3.614934E-02
 7.175000E-01 1.814910E-01 9.180571E-01 0.000000E+00 0.000000E+00 3.668234E-02
 7.185000E-01 1.833944E-01 9.236127E-01 0.000000E+00 0.000000E+00 3.722206E-02
 7.195000E-01 1.853137E-01 9.291682E-01 0.000000E+00 0.000000E+00 3.776857E-02
 7.205000E-01 1.872491E-01 9.347238E-01 0.000000E+00 0.000000E+00 3.832195E-02
 7.215000E-01 1.892006E-01 9.402793E-01 0.000000E+00 0.000000E+00 3.888226E-02
 7.225000E-01 1.911684E-01 9.458349E-01 0.000000E+00 0.000000E+00 3.944958E-02
 7.235000E-01 1.931525E-01 9.513904E-01 0.000000E+00 0.000000E+00 4.002399E-02
 7.245000E-01 1.951530E-01 9.569460E-01 0.000000E+00 0.000000E+00 4.060554E-02
 7.255000E-01 1.971701E-01 9.625015E-01 0.000000E+00 0.000000E+00 4.119432E-02
 7.265000E-01 1.992038E-01 9.680571E-01 0.000000E+00 0.000000E+00 4.179041E-02
 7.275000E-01 2.012542E-01 9.736127E-01 0.000000E+00 0.000000E+00 4.239387E-02
 7.285000E-01 2.033216E-01 9.791682E-01 0.000000E+00 0.000000E+00 4.300479E-02
 7.295000E-01 2.054058E-01 9.847237E-01 0.000000E+00 0.000000E+00 4.362324E-02
 7.305000E-01 2.075072E-01 9.902793E-01 0.000000E+00 0.000000E+00 4.424929E-02
 7.315000E-01 2.096256E-01 9.958349E-01 0.000000E+00 0.000000E+00 4.488303E-02
 7.325000E-01 2.117614E-01 1.001390E+00 0.000000E+00 0.000000E+00 4.552453E-02
 7.335000E-01 2.139145E-01 1.006946E+00 0.000000E+00 0.000000E+00 4.617388E-02
 7.345000E-01 2.160851E-01 1.012502E+00 0.000000E+00 0.000000E+00 4.683115E-02
 7.355000E-01 2.182733E-01 1.018057E+00 0.000000E+00 0.000000E+00 4.749643E-02
 7.365000E-01 2.204792E-01 1.023613E+00 0.000000E+00 0.000000E+00 4.816978E-02
 7.375000E-01 2.227029E-01 1.029168E+00 0.000000E+00 0.000000E+00 4.885131E-02
 7.385000E-01 2.249445E-01 1.034724E+00 0.000000E+00 0.000000E+00 4.954108E-02
 7.395000E-01 2.272041E-01 1.040279E+00 0.000000E+00 0.000000E+00 5.023919E-02
 7.405000E-01 2.294818E-01 1.045835E+00 0.000000E+00 0.000000E+00 5.094570E-02
 7.415000E-01 2.317778E-01 1.051390E+00 0.000000E+00 0.000000E+00 5.166072E-02
 7.425000E-01 2.340921E-01 1.056946E+00 0.000000E+00 0.000000E+00 5.238432E-02
 7.435000E-01 2.364248E-01 1.062502E+00 0.000000E+00 0.000000E+00 5.311660E-02
 7.445000E-01 2.387761E-01 1.068057E+00 0.000000E+00 0.000000E+00 5.385762E-02
 7.455000E-01 2.411461E-01 1.073613E+00 0.000000E+00 0.000000E+00 5.460750E-02
 7.465000E-01 2.435348E-01 1.079168E+00 0.000000E+00 0.000000E+00 5.536630E-02
 7.475000E-01 2.459425E-01 1.084724E+00 0.000000E+00 0.000000E+00 5.613413E-02
 7.485000E-01 2.483691E-01 1.090279E+00 0.000000E+00 0.000000E+00 5.691106E-02
 7.495000E-01 2.508149E-01 1.095835E+00 0.000000E+00 0.000000E+00 5.769719E-02
 7.505000E-01 2.532799E-01 1.101390E+00 0.000000E+00 0.000000E+00 5.849261E-02
 7.515000E-01 2.557642E-01 1.106946E+00 0.000000E+00 0.000000E+00 5.929742E-02
 7.525000E-01 2.582681E-01 1.112502E+00 0.000000E+00 0.000000E+00 6.011169E-02
 7.535000E-01 2.607914E-01 1.118057E+00 0.000000E+00 0.000000E+00 6.093553E-02
 7.545000E-01 2.633345E-01 1.123613E+00 0.000000E+00 0.000000E+00 6.176903E-02
 7.555000E-01 2.658973E-01 1.129168E+00 0.000000E+00 0.000000E+00 6.261228E-02
 7.565000E-01 2.684801E-01 1.134724E+00 0.000000E+00 0.000000E+00 6.346539E-02
 7.575000E-01 2.710829E-01 1.140279E+00 0.000000E+00 0.000000E+00 6.432843E-02
 7.585000E-01 2.737058E-01 1.145835E+00 0.000000E+00 0.000000E+00 6.520151E-02
 7.595000E-01 2.763490E-01 1.151390E+00 0.000000E+00 0.000000E+00 6.608474E-02
 7.605000E-01 2.790127E-01 1.156946E+00 0.000000E+00 0.000000E+00 6.697819E-02
 7.615000E-01 2.816967E-01 1.162502E+00 0.000000E+00 0.000000E+00 6.788199E-02
 7.625000E-01 2.844014E-01 1.168057E+00 0.000000E+00 0.000000E+00 6.879621E-02
 7.635000E-01 2.871269E-01 1.173613E+00 0.000000E+00 0.000000E+00 6.972097E-02
 7.645000E-01 2.898732E-01 1.179168E+00 0.000000E+00 0.000000E+00 7.065636E-02
 7.655000E-01 2.926404E-01 1.184724E+00 0.000000E+00 0.000000E+00 7.160249E-02
 7.665000E-01 2.954288E-01 1.190279E+00 0.000000E+00 0.000000E+00 7.255945E-02
 7.675000E-01 2.982384E-01 1.195835E+00 0.000000E+00 0.000000E+00 7.352737E-02
 7.685000E-01 3.010693E-01 1.201390E+00 0.000000E+00 0.000000E+00 7.450632E-02
 7.695000E-01 3.039217E-01 1.206946E+00 0.000000E+00 0.000000E+00 7.549642E-02
 7.705000E-01 3.067957E-01 1.212502E+00 0.000000E+00 0.000000E+00 7.649779E-02
 7.715000E-01 3.096913E-01 1.218057E+00 0.000000E+00 0.000000E+00 7.751051E-02
 7.725000E-01 3.126088E-01 1.223613E+00 0.000000E+00 0.000000E+00 7.853471E-02
 7.735000E-01 3.155482E-01 1.229168E+00 0.000000E+00 0.000000E+00 7.957048E-02
 7.745000E-01 3.185097E-01 1.234724E+00 0.000000E+00 0.000000E+00 8.061794E-02
 7.755000E-01 3.214934E-01 1.240279E+00 0.000000E+00 0.000000E+00 8.167720E-02
 7.765000E-01 3.244994E-01 1.245835E+00 0.000000E+00 0.000000E+00 8.274836E-02
 7.775000E-01 3.275278E-01 1.251390E+00 0.000000E+00 0.000000E+00 8.383154E-02
 7.785000E-01 3.305788E-01 1.256946E+00 0.000000E+00 0.000000E+00 8.492686E-02
 7.795000E-01 3.336525E-01 1.262502E+00 0.000000E+00 0.000000E+00 8.603441E-02
 7.805000E-01 3.367491E-01 1.268057E+00 0.000000E+00 0.000000E+00 8.715433E-02
 7.815000E-01 3.398685E-01 1.273613E+00 0.000000E+00 0.000000E+00 8.828671E-02
 7.825000E-01 3.430111E-01 1.279168E+00 0.000000E+00 0.000000E+00 8.943169E-02
 7.835000E-01 3.461769E-01 1.284724E+00 0.000000E+00 0.000000E+00 9.058937E-02
 7.845000E-01 3.493659E-01 1.290279E+00 0.000000E+00 0.000000E+00 9.175987E-02
 7.855000E-01 3.525785E-01 1.295835E+00 0.000000E+00 0.000000E+00 9.294331E-02
 7.865000E-01 3.558146E-01 1.301390E+00 0.000000E+00 0.000000E+00 9.413981E-02
 7.875000E-01 3.590745E-01 1.306946E+00 0.000000E+00 0.000000E+00 9.534948E-02
 7.885000E-01 3.623582E-01 1.312502E+00 0.000000E+00 0.000000E+00 9.657246E-02
 7.895000E-01 3.656659E-01 1.318057E+00 0.000000E+00 0.000000E+00 9.780886E-02
 7.905000E-01 3.689977E-01 1.323613E+00 0.000000E+00 0.000000E+00 9.905880E-02
 7.915000E-01 3.723537E-01 1.329168E+00 0.000000E+00 0.000000E+00 1.003224E-01
 7.925000E-01 3.757341E-01 1.334724E+00 0.000000E+00 0.000000E+00 1.015998E-01
 7.935000E-01 3.791390E-01 1.340279E+00 0.000000E+00 0.000000E+00 1.028911E-01
 7.945000E-01 3.825686E-01 1.345835E+00 0.000000E+00 0.000000E+00 1.041965E-01
 7.955000E-01 3.860229E-01 1.351390E+00 0.000000E+00 0.000000E+00 1.055160E-01
 7.965000E-01 3.895021E-01 1.356946E+00 0.000000E+00 0.000000E+00 1.068498E-01
 7.975000E-01 3.930064E-01 1.362502E+00 0.000000E+00 0.000000E+00 1.081981E-01
 7.985000E-01 3.965359E-01 1.368057E+00 0.000000E+00 0.000000E+00 1.095609E-01
 7.995000E-01 4.000907E-01 1.373613E+00 0.000000E+00 0.000000E+00 1.109384E-01
 8.005000E-01 4.036709E-01 1.379168E+00 0.000000E+00 0.000000E+00 1.123307E-01
 8.015000E-01 4.072767E-01 1.384724E+00 0.000000E+00 0.000000E+00 1.137379E-01
 8.025000E-01 4.109082E-01 1.390279E+00 0.000000E+00 0.000000E+00 1.151603E-01
 8.035000E-01 4.145656E-01 1.395835E+00 0.000000E+00 0.000000E+00 1.165978E-01
 8.045000E-01 4.182490E-01 1.401390E+00 0.000000E+00 0.000000E+00 1.180508E-01
 8.055000E-01 4.219584E-01 1.406946E+00 0.000000E+00 0.000000E+00 1.195192E-01
 8.065000E-01 4.256942E-01 1.412502E+00 0.000000E+00 0.000000E+00 1.210032E-01
 8.075000E-01 4.294564E-01 1.418057E+00 0.000000E+00 0.000000E+00 1.225030E-01
 8.085000E-01 4.332452E-01 1.423613E+00 0.000000E+00 0.000000E+00 1.240187E-01
 8.095000E-01 4.370606E-01 1.429168E+00 0.000000E+00 0.000000E+00 1.255505E-01
 8.105000E-01 4.409029E-01 1.434724E+00 0.000000E+00 0.000000E+00 1.270984E-01
 8.115000E-01 4.447722E-01 1.440279E+00 0.000000E+00 0.000000E+00 1.286627E-01
 8.125000E-01 4.486685E-01 1.445835E+00 0.000000E+00 0.000000E+00 1.302434E-01
 8.135000E-01 4.525922E-01 1.451390E+00 0.000000E+00 0.000000E+00 1.318408E-01
 8.145000E-01 4.565432E-01 1.456946E+00 0.000000E+00 0.000000E+00 1.334549E-01
 8.155000E-01 4.605218E-01 1.462502E+00 0.000000E+00 0.000000E+00 1.350860E-01
 8.165000E-01 4.645280E-01 1.468057E+00 0.000000E+00 0.000000E+00 1.367341E-01
 8.175000E-01 4.685621E-01 1.473613E+00 0.000000E+00 0.000000E+00 1.383993E-01
 8.185000E-01 4.726242E-01 1.479168E+00 0.000000E+00 0.000000E+00 1.400820E-01
 8.195000E-01 4.767144E-01 1.484724E+00 0.000000E+00 0.000000E+00 1.417821E-01
 8.205000E-01 4.808329E-01 1.490279E+00 0.000000E+00 0.000000E+00 1.435000E-01
 8.215000E-01 4.849797E-01 1.495835E+00 0.000000E+00 0.000000E+00 1.452356E-01
 8.225000E-01 4.891552E-01 1.501390E+00 0.000000E+00 0.000000E+00 1.469892E-01
 8.235000E-01 4.933594E-01 1.506946E+00 0.000000E+00 0.000000E+00 1.487609E-01
 8.245000E-01 4.975924E-01 1.512502E+00 0.000000E+00 0.000000E+00 1.505508E-01
 8.255000E-01 5.018544E-01 1.518057E+00 0.000000E+00 0.000000E+00 1.523592E-01
 8.265000E-01 5.061455E-01 1.523613E+00 0.000000E+00 0.000000E+00 1.541862E-01
 8.275000E-01 5.104660E-01 1.529168E+00 0.000000E+00 0.000000E+00 1.560320E-01
 8.285000E-01 5.148160E-01 1.534724E+00 0.000000E+00 0.000000E+00 1.578966E-01
 8.295000E-01 5.191955E-01 1.540279E+00 0.000000E+00 0.000000E+00 1.597803E-01
 8.305000E-01 5.236048E-01 1.545835E+00 0.000000E+00 0.000000E+00 1.616833E-01
 8.315000E-01 5.280440E-01 1.551390E+00 0.000000E+00 0.000000E+00 1.636056E-01
 8.325000E-01 5.325133E-01 1.556946E+00 0.000000E+00 0.000000E+00 1.655475E-01
 8.335000E-01 5.370127E-01 1.562502E+00 0.000000E+00 0.000000E+00 1.675091E-01
 8.345000E-01 5.415425E-01 1.568057E+00 0.000000E+00 0.000000E+00 1.694906E-01
 8.355000E-01 5.461029E-01 1.573613E+00 0.000000E+00 0.000000E+00 1.714921E-01
 8.365000E-01 5.506939E-01 1.579168E+00 0.000000E+00 0.000000E+00 1.735139E-01
 8.375000E-01 5.553157E-01 1.584724E+00 0.000000E+00 0.000000E+00 1.755561E-01
 8.385000E-01 5.599685E-01 1.590279E+00 0.000000E+00 0.000000E+00 1.776189E-01
 8.395000E-01 5.646525E-01 1.595835E+00 0.000000E+00 0.000000E+00 1.797023E-01
 8.405000E-01 5.693678E-01 1.601390E+00 0.000000E+00 0.000000E+00 1.818067E-01
 8.415000E-01 5.741144E-01 1.606946E+00 0.000000E+00 0.000000E+00 1.839322E-01
 8.425000E-01 5.788927E-01 1.612502E+00 0.000000E+00 0.000000E+00 1.860790E-01
 8.435000E-01 5.837028E-01 1.618057E+00 0.000000E+00 0.000000E+00 1.882472E-01
 8.445000E-01 5.885448E-01 1.623613E+00 0.000000E+00 0.000000E+00 1.904370E-01
 8.455000E-01 5.934188E-01 1.629168E+00 0.000000E+00 0.000000E+00 1.926486E-01
 8.465000E-01 5.983251E-01 1.634724E+00 0.000000E+00 0.000000E+00 1.948822E-01
 8.475000E-01 6.032639E-01 1.640279E+00 0.000000E+00 0.000000E+00 1.971379E-01
 8.485000E-01 6.082351E-01 1.645835E+00 0.000000E+00 0.000000E+00 1.994160E-01
 8.495000E-01 6.132390E-01 1.651390E+00 0.000000E+00 0.000000E+00 2.017166E-01
 8.505000E-01 6.182759E-01 1.656946E+00 0.000000E+00 0.000000E+00 2.040400E-01
 8.515000E-01 6.233458E-01 1.662502E+00 0.000000E+00 0.000000E+00 2.063862E-01
 8.525000E-01 6.284489E-01 1.668057E+00 0.000000E+00 0.000000E+00 2.087555E-01
 8.535000E-01 6.335854E-01 1.673613E+00 0.000000E+00 0.000000E+00 2.111481E-01
 8.545000E-01 6.387554E-01 1.679168E+00 0.000000E+00 0.000000E+00 2.135642E-01
 8.555000E-01 6.439591E-01 1.684724E+00 0.000000E+00 0.000000E+00 2.160039E-01
 8.565000E-01 6.491966E-01 1.690279E+00 0.000000E+00 0.000000E+00 2.184675E-01
 8.575000E-01 6.544682E-01 1.695835E+00 0.000000E+00 0.000000E+00 2.209551E-01
 8.585000E-01 6.597740E-01 1.701390E+00 0.000000E+00 0.000000E+00 2.234669E-01
 8.595000E-01 6.651141E-01 1.706946E+00 0.000000E+00 0.000000E+00 2.260032E-01
 8.605000E-01 6.704888E-01 1.712502E+00 0.000000E+00 0.000000E+00 2.285641E-01
 8.615000E-01 6.758981E-01 1.718057E+00 0.000000E+00 0.000000E+00 2.311499E-01
 8.625000E-01 6.813422E-01 1.723613E+00 0.000000E+00 0.000000E+00 2.337607E-01
 8.635000E-01 6.868215E-01 1.729168E+00 0.000000E+00 0.000000E+00 2.363967E-01
 8.645000E-01 6.923359E-01 1.734724E+00 0.000000E+00 0.000000E+00 2.390582E-01
 8.655000E-01 6.978856E-01 1.740279E+00 0.000000E+00 0.000000E+00 2.417453E-01
 8.665000E-01 7.034709E-01 1.745835E+00 0.000000E+00 0.000000E+00 2.444582E-01
 8.675000E-01 7.090920E-01 1.751390E+00 0.000000E+00 0.000000E+00 2.471972E-01
 8.685000E-01 7.147489E-01 1.756946E+00 0.000000E+00 0.000000E+00 2.499625E-01
 8.695000E-01 7.204418E-01 1.762502E+00 0.000000E+00 0.000000E+00 2.527542E-01
 8.705000E-01 7.261709E-01 1.768057E+00 0.000000E+00 0.000000E+00 2.555726E-01
 8.715000E-01 7.319365E-01 1.773613E+00 0.000000E+00 0.000000E+00 2.584180E-01
 8.725000E-01 7.377385E-01 1.779168E+00 0.000000E+00 0.000000E+00 2.612904E-01
 8.735000E-01 7.435774E-01 1.784724E+00 0.000000E+00 0.000000E+00 2.641902E-01
 8.745000E-01 7.494531E-01 1.790279E+00 0.000000E+00 0.000000E+00 2.671174E-01
 8.755000E-01 7.553660E-01 1.795835E+00 0.000000E+00 0.000000E+00 2.700725E-01
 8.765000E-01 7.613161E-01 1.801390E+00 0.000000E+00 0.000000E+00 2.730555E-01
 8.775000E-01 7.673036E-01 1.806946E+00 0.000000E+00 0.000000E+00 2.760668E-01
 8.785000E-01 7.733287E-01 1.812502E+00 0.000000E+00 0.000000E+00 2.791064E-01
 8.795000E-01 7.793916E-01 1.818057E+00 0.000000E+00 0.000000E+00 2.821747E-01
 8.805000E-01 7.854925E-01 1.823613E+00 0.000000E+00 0.000000E+00 2.852718E-01
 8.815000E-01 7.916316E-01 1.829168E+00 0.000000E+00 0.000000E+00 2.883981E-01
 8.825000E-01 7.978089E-01 1.834724E+00 0.000000E+00 0.000000E+00 2.915536E-01
 8.835000E-01 8.040248E-01 1.840279E+00 0.000000E+00 0.000000E+00 2.947387E-01
 8.845000E-01 8.102794E-01 1.845835E+00 0.000000E+00 0.000000E+00 2.979536E-01
 8.855000E-01 8.165728E-01 1.851390E+00 0.000000E+00 0.000000E+00 3.011985E-01
 8.865000E-01 8.229052E-01 1.856946E+00 0.000000E+00 0.000000E+00 3.044737E-01
 8.875000E-01 8.292769E-01 1.862502E+00 0.000000E+00 0.000000E+00 3.077793E-01
 8.885000E-01 8.356880E-01 1.868057E+00 0.000000E+00 0.000000E+00 3.111156E-01
 8.895000E-01 8.421387E-01 1.873613E+00 0.000000E+00 0.000000E+00 3.144829E-01
 8.905000E-01 8.486292E-01 1.879168E+00 0.000000E+00 0.000000E+00 3.178814E-01
 8.915000E-01 8.551596E-01 1.884724E+00 0.000000E+00 0.000000E+00 3.213113E-01
 8.925000E-01 8.617301E-01 1.890279E+00 0.000000E+00 0.000000E+00 3.247729E-01
 8.935000E-01 8.683410E-01 1.895835E+00 0.000000E+00 0.000000E+00 3.282664E-01
 8.945000E-01 8.749924E-01 1.901390E+00 0.000000E+00 0.000000E+00 3.317921E-01
 8.955000E-01 8.816845E-01 1.906946E+00 0.000000E+00 0.000000E+00 3.353501E-01
 8.965000E-01 8.884174E-01 1.912502E+00 0.000000E+00 0.000000E+00 3.389408E-01
 8.975000E-01 8.951915E-01 1.918057E+00 0.000000E+00 0.000000E+00 3.425645E-01
 8.985000E-01 9.020067E-01 1.923613E+00 0.000000E+00 0.000000E+00 3.462212E-01
 8.995000E-01 9.088635E-01 1.929168E+00 0.000000E+00 0.000000E+00 3.499114E-01
 9.005000E-01 9.157619E-01 1.934724E+00 0.000000E+00 0.000000E+00 3.536353E-01
 9.015000E-01 9.227021E-01 1.940279E+00 0.000000E+00 0.000000E+00 3.573931E-01
 9.025000E-01 9.296843E-01 1.945835E+00 0.000000E+00 0.000000E+00 3.611850E-01
 9.035000E-01 9.367087E-01 1.951390E+00 0.000000E+00 0.000000E+00 3.650114E-01
 9.045000E-01 9.437755E-01 1.956946E+00 0.000000E+00 0.000000E+00 3.688724E-01
 9.055000E-01 9.508849E-01 1.962502E+00 0.000000E+00 0.000000E+00 3.727685E-01
 9.065000E-01 9.580371E-01 1.968057E+00 0.000000E+00 0.000000E+00 3.766997E-01
 9.075000E-01 9.652323E-01 1.973613E+00 0.000000E+00 0.000000E+00 3.806664E-01
 9.085000E-01 9.724706E-01 1.979168E+00 0.000000E+00 0.000000E+00 3.846689E-01
 9.095000E-01 9.797523E-01 1.984724E+00 0.000000E+00 0.000000E+00 3.887074E-01
 9.105000E-01 9.870775E-01 1.990279E+00 0.000000E+00 0.000000E+00 3.927822E-01
 9.115000E-01 9.944465E-01 1.995835E+00 0.000000E+00 0.000000E+00 3.968935E-01
 9.125000E-01 1.000000E+00 2.000000E+00 0.000000E+00 0.000000E+00 4.000000E-01
 9.135000E-01 1.000000E+00 2.000000E+00 0.000000E+00 0.000000E+00 4.000000E-01
 9.145000E-01 1.000000E+00 2.000000E+00 0.000000E+00 0.000000E+00 4.000000E-01
 9.155000E-01 1.000000E+00 2.000000E+00 0.000000E+00 0.000000E+00 4.000000E-01
 9.165000E-01 1.000000E+00 2.000000E+00 0.000000E+00 0.000000E+00 4.000000E-01
 9.175000E-01 1.000000E+00 2.000000E+00 0.000000E+00 0.000000E+00 4.000000E-01
 9.185000E-01 1.000000E+00 2.000000E+00 0.000000E+00 0.000000E+00 4.000000E-01
 9.195000E-01 1.000000E+00 2.000000E+00 0.000000E+00 0.000000E+00 4.000000E-01
 9.205000E-01 1.000000E+00 2.000000E+00 0.000000E+00 0.000000E+00 4.000000E-01
 9.215000E-01 1.000000E+00 2.000000E+00 0.000000E+00 0.000000E+00 4.000000E-01
 9.225000E-01 1.000000E+00 2.000000E+00 0.000000E+00 0.000000E+00 4.000000E-01
 9.235000E-01 1.000000E+00 2.000000E+00 0.000000E+00 0.000000E+00 4.000000E-01
 9.245000E-01 1.000000E+00 2.000000E+00 0.000000E+00 0.000000E+00 4.000000E-01
 9.255000E-01 1.000000E+00 2.000000E+00 0.000000E+00 0.000000E+00 4.000000E-01
 9.265000E-01 1.000000E+00 2.000000E+00 0.000000E+00 0.000000E+00 4.000000E-01
 9.275000E-01 1.000000E+00 2.000000E+00 0.000000E+00 0.000000E+00 4.000000E-01
 9.285000E-01 1.000000E+00 2.000000E+00 0.000000E+00 0.000000E+00 4.000000E-01
 9.295000E-01 1.000000E+00 2.000000E+00 0.000000E+00 0.000000E+00 4.000000E-01
 9.305000E-01 1.000000E+00 2.000000E+00 0.000000E+00 0.000000E+00 4.000000E-01
 9.315000E-01 1.000000E+00 2.000000E+00 0.000000E+00 0.000000E+00 4.000000E-01
 9.325000E-01 1.000000E+00 2.000000E+00 0.000000E+00 0.000000E+00 4.000000E-01
 9.335000E-01 1.000000E+00 2.000000E+00 0.000000E+00 0.000000E+00 4.000000E-01
 9.345000E-01 1.000000E+00 2.000000E+00 0.000000E+00 0.000000E+00 4.000000E-01
 9.355000E-01 1.000000E+00 2.000000E+00 0.000000E+00 0.000000E+00 4.000000E-01
 9.365000E-01 1.000000E+00 2.000000E+00 0.000000E+00 0.000000E+00 4.000000E-01
 9.375000E-01 1.000000E+00 2.000000E+00 0.000000E+00 0.000000E+00 4.000000E-01
 9.385000E-01 1.000000E+00 2.000000E+00 0.000000E+00 0.000000E+00 4.000000E-01
 9.395000E-01 1.000000E+00 2.000000E+00 0.000000E+00 0.000000E+00 4.000000E-01
 9.405000E-01 1.000000E+00 2.000000E+00 0.000000E+00 0.000000E+00 4.000000E-01
 9.415000E-01 1.000000E+00 2.000000E+00 0.000000E+00 0.000000E+00 4.000000E-01
 9.425000E-01 1.000000E+00 2.000000E+00 0.000000E+00 0.000000E+00 4.000000E-01
 9.435000E-01 1.000000E+00 2.000000E+00 0.000000E+00 0.000000E+00 4.000000E-01
 9.445000E-01 1.000000E+00 2.000000E+00 0.000000E+00 0.000000E+00 4.000000E-01
 9.455000E-01 1.000000E+00 2.000000E+00 0.000000E+00 0.000000E+00 4.000000E-01
 9.465000E-01 1.000000E+00 2.000000E+00 0.000000E+00 0.000000E+00 4.000000E-01
 9.475000E-01 1.000000E+00 2.000000E+00 0.000000E+00 0.000000E+00 4.000000E-01
 9.485000E-01 1.000000E+00 2.000000E+00 0.000000E+00 0.000000E+00 4.000000E-01
 9.495000E-01 1.000000E+00 2.000000E+00 0.000000E+00 0.000000E+00 4.000000E-01
 9.505000E-01 1.000000E+00 2.000000E+00 0.000000E+00 0.000000E+00 4.000000E-01
 9.515000E-01 1.000000E+00 2.000000E+00 0.000000E+00 0.000000E+00 4.000000E-01
 9.525000E-01 1.000000E+00 2.000000E+00 0.000000E+00 0.000000E+00 4.000000E-01
 9.535000E-01 1.000000E+00 2.000000E+00 0.000000E+00 0.000000E+00 4.000000E-01
 9.545000E-01 1.000000E+00 2.000000E+00 0.000000E+00 0.000000E+00 4.000000E-01
 9.555000E-01 1.000000E+00 2.000000E+00 0.000000E+00 0.000000E+00 4.000000E-01
 9.565000E-01 1.000000E+00 2.000000E+00 0.000000E+00 0.000000E+00 4.000000E-01
 9.575000E-01 1.000000E+00 2.000000E+00 0.000000E+00 0.000000E+00 4.000000E-01
 9.585000E-01 1.000000E+00 2.000000E+00 0.000000E+00 0.000000E+00 4.000000E-01
 9.595000E-01 1.000000E+00 2.000000E+00 0.000000E+00 0.000000E+00 4.000000E-01
 9.605000E-01 1.000000E+00 2.000000E+00 0.000000E+00 0.000000E+00 4.000000E-01
 9.615000E-01 1.000000E+00 2.000000E+00 0.000000E+00 0.000000E+00 4.000000E-01
 9.625000E-01 1.000000E+00 2.000000E+00 0.000000E+00 0.000000E+00 4.000000E-01
 9.635000E-01 1.000000E+00 2.000000E+00 0.000000E+00 0.000000E+00 4.000000E-01
 9.645000E-01 1.000000E+00 2.000000E+00 0.000000E+00 0.000000E+00 4.000000E-01
 9.655000E-01 1.000000E+00 2.000000E+00 0.000000E+00 0.000000E+00 4.000000E-01
 9.665000E-01 1.000000E+00 2.000000E+00 0.000000E+00 0.000000E+00 4.000000E-01
 9.675000E-01 1.000000E+00 2.000000E+00 0.000000E+00 0.000000E+00 4.000000E-01
 9.685000E-01 1.000000E+00 2.000000E+00 0.000000E+00 0.000000E+00 4.000000E-01
 9.695000E-01 1.000000E+00 2.000000E+00 0.000000E+00 0.000000E+00 4.000000E-01
 9.705000E-01 1.000000E+00 2.000000E+00 0.000000E+00 0.000000E+00 4.000000E-01
 9.715000E-01 1.000000E+00 2.000000E+00 0.000000E+00 0.000000E+00 4.000000E-01
 9.725000E-01 1.000000E+00 2.000000E+00 0.000000E+00 0.000000E+00 4.000000E-01
 9.735000E-01 1.000000E+00 2.000000E+00 0.000000E+00 0.000000E+00 4.000000E-01
 9.745000E-01 1.000000E+00 2.000000E+00 0.000000E+00 0.000000E+00 4.000000E-01
 9.755000E-01 1.000000E+00 2.000000E+00 0.000000E+00 0.000000E+00 4.000000E-01
 9.765000E-01 1.000000E+00 2.000000E+00 0.000000E+00 0.000000E+00 4.000000E-01
 9.775000E-01 1.000000E+00 2.000000E+00 0.000000E+00 0.000000E+00 4.000000E-01
 9.785000E-01 1.000000E+00 2.000000E+00 0.000000E+00 0.000000E+00 4.000000E-01
 9.795000E-01 1.000000E+00 2.000000E+00 0.000000E+00 0.000000E+00 4.000000E-01
 9.805000E-01 1.000000E+00 2.000000E+00 0.000000E+00 0.000000E+00 4.000000E-01
 9.815000E-01 1.000000E+00 2.000000E+00 0.000000E+00 0.000000E+00 4.000000E-01
 9.825000E-01 1.000000E+00 2.000000E+00 0.000000E+00 0.000000E+00 4.000000E-01
 9.835000E-01 1.000000E+00 2.000000E+00 0.000000E+00 0.000000E+00 4.000000E-01
 9.845000E-01 1.000000E+00 2.000000E+00 0.000000E+00 0.000000E+00 4.000000E-01
 9.855000E-01 1.000000E+00 2.000000E+00 0.000000E+00 0.000000E+00 4.000000E-01
 9.865000E-01 1.000000E+00 2.000000E+00 0.000000E+00 0.000000E+00 4.000000E-01
 9.875000E-01 1.000000E+00 2.000000E+00 0.000000E+00 0.000000E+00 4.000000E-01
 9.885000E-01 1.000000E+00 2.000000E+00 0.000000E+00 0.000000E+00 4.000000E-01
 9.895000E-01 1.000000E+00 2.000000E+00 0.000000E+00 0.000000E+00 4.000000E-01
 9.905000E-01 1.000000E+00 2.000000E+00 0.000000E+00 0.000000E+00 4.000000E-01
 9.915000E-01 1.000000E+00 2.000000E+00 0.000000E+00 0.000000E+00 4.000000E-01
 9.925000E-01 1.000000E+00 2.000000E+00 0.000000E+00 0.000000E+00 4.000000E-01
 9.935000E-01 1.000000E+00 2.000000E+00 0.000000E+00 0.000000E+00 4.000000E-01
 9.945000E-01 1.000000E+00 2.000000E+00 0.000000E+00 0.000000E+00 4.000000E-01
 9.955000E-01 1.000000E+00 2.000000E+00 0.000000E+00 0.000000E+00 4.000000E-01
 9.965000E-01 1.000000E+00 2.000000E+00 0.000000E+00 0.000000E+00 4.000000E-01
 9.975000E-01 1.000000E+00 2.000000E+00 0.000000E+00 0.000000E+00 4.000000E-01
 9.985000E-01 1.000000E+00 2.000000E+00 0.000000E+00 0.000000E+00 4.000000E-01
 9.995000E-01 1.000000E+00 2.000000E+00 0.000000E+00 0.000000E+00 4.000000E-01
